2.458325323517267592e+06
2.458325344350593165e+06
2.458325365183919203e+06
2.458325386017244775e+06
2.458325406850570347e+06
2.458325427683896385e+06
2.458325448517221957e+06
2.458325469350547995e+06
2.458325490183873568e+06
2.458325511017199606e+06
2.458325531850525178e+06
2.458325552683851216e+06
2.458325573517176788e+06
2.458325594350502361e+06
2.458325615183828399e+06
2.458325636017153971e+06
2.458325656850480009e+06
2.458325677683805581e+06
2.458325698517131619e+06
2.458325719350457191e+06
2.458325740183783229e+06
2.458325761017108802e+06
2.458325781850434374e+06
2.458325802683760412e+06
2.458325823517085984e+06
2.458325844350412022e+06
2.458325865183737595e+06
2.458325886017063633e+06
2.458325906850389205e+06
2.458325927683715243e+06
2.458325948517040815e+06
2.458325969350366388e+06
2.458325990183692425e+06
2.458326011017017998e+06
2.458326031850344036e+06
2.458326052683669608e+06
2.458326073516995646e+06
2.458326094350321218e+06
2.458326115183647256e+06
2.458326136016972829e+06
2.458326156850298867e+06
2.458326177683624439e+06
2.458326198516950011e+06
2.458326219350276049e+06
2.458326240183601622e+06
2.458326261016927660e+06
2.458326281850253232e+06
2.458326302683579270e+06
2.458326323516904842e+06
2.458326344350230880e+06
2.458326365183556452e+06
2.458326386016882025e+06
2.458326406850208063e+06
2.458326427683533635e+06
2.458326448516859673e+06
2.458326469350185245e+06
2.458326490183511283e+06
2.458326511016836856e+06
2.458326531850162894e+06
2.458326552683488466e+06
2.458326573516814038e+06
2.458326594350140076e+06
2.458326615183465648e+06
2.458326636016791686e+06
2.458326656850117259e+06
2.458326677683443297e+06
2.458326698516768869e+06
2.458326719350094907e+06
2.458326740183420479e+06
2.458326761016746052e+06
2.458326781850072090e+06
2.458326802683397662e+06
2.458326823516723700e+06
2.458326844350049272e+06
2.458326865183375310e+06
2.458326886016700882e+06
2.458326906850026920e+06
2.458326927683352493e+06
2.458326948516678531e+06
2.458326969350004103e+06
2.458326990183329675e+06
2.458327011016655713e+06
2.458327031849981286e+06
2.458327052683307324e+06
2.458327073516632896e+06
2.458327094349958934e+06
2.458327115183284506e+06
2.458327136016610544e+06
2.458327156849936116e+06
2.458327177683261689e+06
2.458327198516587727e+06
2.458327219349913299e+06
2.458327240183239337e+06
2.458327261016564909e+06
2.458327281849890947e+06
2.458327302683216520e+06
2.458327323516542558e+06
2.458327344349868130e+06
2.458327365183193702e+06
2.458327386016519740e+06
2.458327406849845313e+06
2.458327427683171351e+06
2.458327448516496923e+06
2.458327469349822961e+06
2.458327490183148533e+06
2.458327511016474571e+06
2.458327531849800143e+06
2.458327552683125716e+06
2.458327573516451754e+06
2.458327594349777326e+06
2.458327615183103364e+06
2.458327636016428936e+06
2.458327656849754974e+06
2.458327677683080547e+06
2.458327698516406585e+06
2.458327719349732157e+06
2.458327740183058195e+06
2.458327761016383767e+06
2.458327781849709339e+06
2.458327802683035377e+06
2.458327823516360950e+06
2.458327844349686988e+06
2.458327865183012560e+06
2.458327886016338598e+06
2.458327906849664170e+06
2.458327927682990208e+06
2.458327948516315781e+06
2.458327969349641353e+06
2.458327990182967391e+06
2.458328011016292963e+06
2.458328031849619001e+06
2.458328052682944573e+06
2.458328073516270611e+06
2.458328094349596184e+06
2.458328115182922222e+06
2.458328136016247794e+06
2.458328156849573366e+06
2.458328177682899404e+06
2.458328198516224977e+06
2.458328219349551015e+06
2.458328240182876587e+06
2.458328261016202625e+06
2.458328281849528197e+06
2.458328302682854235e+06
2.458328323516179807e+06
2.458328344349505380e+06
2.458328365182831418e+06
2.458328386016156990e+06
2.458328406849483028e+06
2.458328427682808600e+06
2.458328448516134638e+06
2.458328469349460211e+06
2.458328490182786249e+06
2.458328511016111821e+06
2.458328531849437859e+06
2.458328552682763431e+06
2.458328573516089004e+06
2.458328594349415042e+06
2.458328615182740614e+06
2.458328636016066652e+06
2.458328656849392224e+06
2.458328677682718262e+06
2.458328698516043834e+06
2.458328719349385705e+06
2.458328740182745270e+06
2.458328761016106699e+06
2.458328781849467661e+06
2.458328802682828624e+06
2.458328823516190052e+06
2.458328844349551015e+06
2.458328865182911977e+06
2.458328886016273405e+06
2.458328906849634368e+06
2.458328927682995796e+06
2.458328948516356759e+06
2.458328969349717721e+06
2.458328990183079150e+06
2.458329011016440112e+06
2.458329031849801075e+06
2.458329052683162503e+06
2.458329073516523466e+06
2.458329094349884894e+06
2.458329115183245856e+06
2.458329136016606819e+06
2.458329156849968247e+06
2.458329177683329210e+06
2.458329198516690638e+06
2.458329219350051600e+06
2.458329240183412563e+06
2.458329261016773991e+06
2.458329281850134954e+06
2.458329302683495916e+06
2.458329323516857345e+06
2.458329344350218307e+06
2.458329365183579735e+06
2.458329386016940698e+06
2.458329406850301661e+06
2.458329427683663089e+06
2.458329448517024051e+06
2.458329469350385014e+06
2.458329490183746442e+06
2.458329511017107405e+06
2.458329531850468833e+06
2.458329552683829796e+06
2.458329573517190758e+06
2.458329594350552186e+06
2.458329615183913149e+06
2.458329636017274112e+06
2.458329656850635540e+06
2.458329677683996502e+06
2.458329698517357931e+06
2.458329719350718893e+06
2.458329740184079856e+06
2.458329761017441284e+06
2.458329781850802246e+06
2.458329802684163209e+06
2.458329823517524637e+06
2.458329844350885600e+06
2.458329865184247028e+06
2.458329886017607991e+06
2.458329906850968953e+06
2.458329927684330381e+06
2.458329948517691344e+06
2.458329969351052307e+06
2.458329990184413735e+06
2.458330011017774697e+06
2.458330031851136126e+06
2.458330052684497088e+06
2.458330073517858051e+06
2.458330094351219479e+06
2.458330115184580442e+06
2.458330136017941404e+06
2.458330156851302832e+06
2.458330177684663795e+06
2.458330198518025223e+06
2.458330219351386186e+06
2.458330240184747148e+06
2.458330261018108577e+06
2.458330281851469539e+06
2.458330302684830502e+06
2.458330323518191930e+06
2.458330344351552892e+06
2.458330365184914321e+06
2.458330386018275283e+06
2.458330406851636246e+06
2.458330427684997674e+06
2.458330448518358637e+06
2.458330469351719599e+06
2.458330490185081027e+06
2.458330511018441990e+06
2.458330531851803418e+06
2.458330552685164381e+06
2.458330573518525343e+06
2.458330594351886772e+06
2.458330615185247734e+06
2.458330636018608697e+06
2.458330656851970125e+06
2.458330677685331088e+06
2.458330698518692516e+06
2.458330719352053478e+06
2.458330740185414441e+06
2.458330761018775869e+06
2.458330781852136832e+06
2.458330802685497794e+06
2.458330823518859223e+06
2.458330844352220185e+06
2.458330865185581613e+06
2.458330886018942576e+06
2.458330906852303538e+06
2.458330927685664967e+06
2.458330948519025929e+06
2.458330969352386892e+06
2.458330990185748320e+06
2.458331011019109283e+06
2.458331031852470711e+06
2.458331052685831673e+06
2.458331073519192636e+06
2.458331094352554064e+06
2.458331115185915027e+06
2.458331136019275989e+06
2.458331156852637418e+06
2.458331177685998380e+06
2.458331198519359808e+06
2.458331219352720771e+06
2.458331240186081734e+06
2.458331261019443162e+06
2.458331281852804124e+06
2.458331302686165087e+06
2.458331323519526515e+06
2.458331344352887478e+06
2.458331365186248906e+06
2.458331386019609869e+06
2.458331406852970831e+06
2.458331427686332259e+06
2.458331448519693222e+06
2.458331469353054184e+06
2.458331490186415613e+06
2.458331511019776575e+06
2.458331531853138003e+06
2.458331552686498966e+06
2.458331573519859929e+06
2.458331594353221357e+06
2.458331615186582319e+06
2.458331636019943282e+06
2.458331656853304710e+06
2.458331677686665673e+06
2.458331698520027101e+06
2.458331719353388064e+06
2.458331740186749026e+06
2.458331761020110454e+06
2.458331781853471417e+06
2.458331802686832380e+06
2.458331823520193808e+06
2.458331844353554770e+06
2.458331865186916199e+06
2.458331886020277161e+06
2.458331906853638124e+06
2.458331927686999552e+06
2.458331948520360515e+06
2.458331969353721477e+06
2.458331990187082905e+06
2.458332011020443868e+06
2.458332031853805296e+06
2.458332052687166259e+06
2.458332073520527221e+06
2.458332094353888649e+06
2.458332115187249612e+06
2.458332136020610575e+06
2.458332156853972003e+06
2.458332177687332965e+06
2.458332198520694394e+06
2.458332219354055356e+06
2.458332240187416319e+06
2.458332261020777747e+06
2.458332281854138710e+06
2.458332302687499672e+06
2.458332323520861100e+06
2.458332344354222063e+06
2.458332365187583491e+06
2.458332386020944454e+06
2.458332406854305416e+06
2.458332427687666845e+06
2.458332448521027807e+06
2.458332469354388770e+06
2.458332490187750198e+06
2.458332511021111161e+06
2.458332531854472589e+06
2.458332552687833551e+06
2.458332573521194514e+06
2.458332594354555942e+06
2.458332615187916905e+06
2.458332636021277867e+06
2.458332656854639295e+06
2.458332677688000258e+06
2.458332698521361686e+06
2.458332719354722649e+06
2.458332740188083611e+06
2.458332761021445040e+06
2.458332781854806002e+06
2.458332802688167430e+06
2.458332823521528393e+06
2.458332844354889356e+06
2.458332865188250784e+06
2.458332886021611746e+06
2.458332906854972709e+06
2.458332927688334137e+06
2.458332948521695100e+06
2.458332969355056528e+06
2.458332990188417491e+06
2.458333011021778453e+06
2.458333031855139881e+06
2.458333052688500844e+06
2.458333073521861807e+06
2.458333094355223235e+06
2.458333115188584197e+06
2.458333136021945626e+06
2.458333156855306588e+06
2.458333177688667551e+06
2.458333198522028979e+06
2.458333219355389941e+06
2.458333240188721567e+06
2.458333261022008955e+06
2.458333281855280977e+06
2.458333302688553464e+06
2.458333323521825951e+06
2.458333344355098438e+06
2.458333365188370924e+06
2.458333386021643411e+06
2.458333406854915898e+06
2.458333427688188385e+06
2.458333448521460872e+06
2.458333469354733359e+06
2.458333490188005846e+06
2.458333511021278333e+06
2.458333531854550354e+06
2.458333552687822841e+06
2.458333573521095328e+06
2.458333594354367815e+06
2.458333615187640302e+06
2.458333636020912789e+06
2.458333656854185276e+06
2.458333677687457763e+06
2.458333698520730250e+06
2.458333719354002737e+06
2.458333740187275223e+06
2.458333761020547245e+06
2.458333781853819732e+06
2.458333802687092219e+06
2.458333823520364705e+06
2.458333844353637192e+06
2.458333865186909679e+06
2.458333886020182166e+06
2.458333906853454653e+06
2.458333927686727140e+06
2.458333948519999627e+06
2.458333969353272114e+06
2.458333990186544601e+06
2.458334011019816622e+06
2.458334031853089109e+06
2.458334052686361596e+06
2.458334073519634083e+06
2.458334094352906570e+06
2.458334115186179057e+06
2.458334136019451544e+06
2.458334156852724031e+06
2.458334177685996518e+06
2.458334198519269004e+06
2.458334219352541491e+06
2.458334240185813978e+06
2.458334261019086000e+06
2.458334281852358487e+06
2.458334302685630973e+06
2.458334323518903460e+06
2.458334344352175947e+06
2.458334365185448434e+06
2.458334386018720921e+06
2.458334406851993408e+06
2.458334427685265895e+06
2.458334448518538382e+06
2.458334469351810869e+06
2.458334490185083356e+06
2.458334511018355377e+06
2.458334531851627864e+06
2.458334552684900351e+06
2.458334573518172838e+06
2.458334594351445325e+06
2.458334615184717812e+06
2.458334636017990299e+06
2.458334656851262785e+06
2.458334677684535272e+06
2.458334698517807759e+06
2.458334719351080246e+06
2.458334740184352268e+06
2.458334761017624754e+06
2.458334781850897241e+06
2.458334802684169728e+06
2.458334823517442215e+06
2.458334844350714702e+06
2.458334865183987189e+06
2.458334886017259676e+06
2.458334906850532163e+06
2.458334927683804650e+06
2.458334948517077137e+06
2.458334969350349624e+06
2.458334990183621645e+06
2.458335011016894132e+06
2.458335031850166619e+06
2.458335052683439106e+06
2.458335073516711593e+06
2.458335094349984080e+06
2.458335115183256567e+06
2.458335136016529053e+06
2.458335156849801540e+06
2.458335177683074027e+06
2.458335198516346514e+06
2.458335219349619001e+06
2.458335240182891022e+06
2.458335261016163509e+06
2.458335281849435996e+06
2.458335302682708483e+06
2.458335323515980970e+06
2.458335344349253457e+06
2.458335365182525944e+06
2.458335386015798431e+06
2.458335406849070918e+06
2.458335427682343405e+06
2.458335448515615892e+06
2.458335469348888379e+06
2.458335490182160400e+06
2.458335511015432887e+06
2.458335531848705374e+06
2.458335552681977861e+06
2.458335573515250348e+06
2.458335594348522834e+06
2.458335615181795321e+06
2.458335636015067808e+06
2.458335656848340295e+06
2.458335677681612782e+06
2.458335698514885269e+06
2.458335719348157290e+06
2.458335740181429777e+06
2.458335761014702264e+06
2.458335781847974751e+06
2.458335802681247238e+06
2.458335823514519725e+06
2.458335844347792212e+06
2.458335865181064699e+06
2.458335886014337186e+06
2.458335906847609673e+06
2.458335927680882160e+06
2.458335948514154647e+06
2.458335969347426668e+06
2.458335990180699155e+06
2.458336011013971642e+06
2.458336031847244129e+06
2.458336052680516616e+06
2.458336073513789102e+06
2.458336094347061589e+06
2.458336115180334076e+06
2.458336136013606563e+06
2.458336156846879050e+06
2.458336177680151537e+06
2.458336198513424024e+06
2.458336219346696045e+06
2.458336240179968532e+06
2.458336261013241019e+06
2.458336281846513506e+06
2.458336302679785993e+06
2.458336323513058480e+06
2.458336344346330967e+06
2.458336365179603454e+06
2.458336386012875941e+06
2.458336406846163794e+06
2.458336427679479122e+06
2.458336448512806091e+06
2.458336469346132595e+06
2.458336490179459564e+06
2.458336511012786534e+06
2.458336531846113037e+06
2.458336552679440007e+06
2.458336573512766510e+06
2.458336594346093480e+06
2.458336615179419983e+06
2.458336636012746952e+06
2.458336656846073922e+06
2.458336677679400425e+06
2.458336698512727395e+06
2.458336719346053898e+06
2.458336740179380868e+06
2.458336761012707837e+06
2.458336781846034341e+06
2.458336802679361310e+06
2.458336823512687813e+06
2.458336844346014783e+06
2.458336865179341286e+06
2.458336886012668256e+06
2.458336906845995225e+06
2.458336927679321729e+06
2.458336948512648698e+06
2.458336969345975202e+06
2.458336990179302171e+06
2.458337011012628675e+06
2.458337031845955644e+06
2.458337052679282613e+06
2.458337073512609117e+06
2.458337094345936086e+06
2.458337115179262590e+06
2.458337136012589559e+06
2.458337156845916528e+06
2.458337177679243032e+06
2.458337198512570001e+06
2.458337219345896505e+06
2.458337240179223474e+06
2.458337261012549978e+06
2.458337281845876947e+06
2.458337302679203916e+06
2.458337323512530420e+06
2.458337344345857389e+06
2.458337365179183893e+06
2.458337386012510862e+06
2.458337406845837831e+06
2.458337427679164335e+06
2.458337448512491304e+06
2.458337469345817808e+06
2.458337490179144777e+06
2.458337511012471281e+06
2.458337531845798250e+06
2.458337552679125220e+06
2.458337573512451723e+06
2.458337594345778693e+06
2.458337615179105196e+06
2.458337636012432165e+06
2.458337656845758669e+06
2.458337677679085638e+06
2.458337698512412608e+06
2.458337719345739111e+06
2.458337740179066081e+06
2.458337761012392584e+06
2.458337781845719554e+06
2.458337802679046523e+06
2.458337823512373026e+06
2.458337844345699996e+06
2.458337865179026499e+06
2.458337886012353469e+06
2.458337906845679972e+06
2.458337927679006942e+06
2.458337948512333911e+06
2.458337969345660415e+06
2.458337990178987384e+06
2.458338011012313887e+06
2.458338031845640857e+06
2.458338052678967826e+06
2.458338073512294330e+06
2.458338094345621299e+06
2.458338115178947803e+06
2.458338136012274772e+06
2.458338156845601276e+06
2.458338177678928245e+06
2.458338198512255214e+06
2.458338219345581718e+06
2.458338240178908687e+06
2.458338261012235191e+06
2.458338281845562160e+06
2.458338302678888664e+06
2.458338323512215633e+06
2.458338344345542602e+06
2.458338365178869106e+06
2.458338386012196075e+06
2.458338406845522579e+06
2.458338427678849548e+06
2.458338448512176517e+06
2.458338469345503021e+06
2.458338490178829990e+06
2.458338511012156494e+06
2.458339677678434644e+06
2.458339698511758354e+06
2.458339719345081598e+06
2.458339740178405307e+06
2.458339761011728551e+06
2.458339781845051795e+06
2.458339802678375505e+06
2.458339823511698749e+06
2.458339844345022459e+06
2.458339865178345703e+06
2.458339886011668947e+06
2.458339906844992656e+06
2.458339927678315900e+06
2.458339948511639610e+06
2.458339969344962854e+06
2.458339990178286098e+06
2.458340011011609808e+06
2.458340031844933052e+06
2.458340052678256761e+06
2.458340073511580005e+06
2.458340094344903249e+06
2.458340115178226959e+06
2.458340136011550203e+06
2.458340156844873913e+06
2.458340177678197157e+06
2.458340198511520401e+06
2.458340219344844110e+06
2.458340240178167354e+06
2.458340261011491064e+06
2.458340281844814308e+06
2.458340302678137552e+06
2.458340323511461262e+06
2.458340344344784506e+06
2.458340365178108215e+06
2.458340386011431459e+06
2.458340406844754703e+06
2.458340427678078413e+06
2.458340448511401657e+06
2.458340469344725367e+06
2.458340490178048611e+06
2.458340511011371855e+06
2.458340531844695564e+06
2.458340552678018808e+06
2.458340573511342518e+06
2.458340594344665762e+06
2.458340615177989006e+06
2.458340636011312716e+06
2.458340656844635960e+06
2.458340677677959669e+06
2.458340698511282913e+06
2.458340719344606157e+06
2.458340740177929867e+06
2.458340761011253111e+06
2.458340781844576821e+06
2.458340802677900065e+06
2.458340823511223309e+06
2.458340844344547018e+06
2.458340865177870262e+06
2.458340886011193972e+06
2.458340906844517216e+06
2.458340927677840460e+06
2.458340948511164170e+06
2.458340969344487414e+06
2.458340990177811123e+06
2.458341011011134367e+06
2.458341031844457611e+06
2.458341052677781321e+06
2.458341073511104565e+06
2.458341094344428275e+06
2.458341115177751519e+06
2.458341136011074763e+06
2.458341156844398472e+06
2.458341177677721716e+06
2.458341198511045426e+06
2.458341219344368670e+06
2.458341240177691914e+06
2.458341261011015624e+06
2.458341281844338868e+06
2.458341302677662577e+06
2.458341323510985821e+06
2.458341344344309065e+06
2.458341365177632775e+06
2.458341386010956019e+06
2.458341406844279729e+06
2.458341427677602973e+06
2.458341448510926217e+06
2.458341469344249927e+06
2.458341490177573171e+06
2.458341511010896880e+06
2.458341531844220124e+06
2.458341552677543368e+06
2.458341573510867078e+06
2.458341594344190322e+06
2.458341615177514032e+06
2.458341636010837276e+06
2.458341656844160520e+06
2.458341677677484229e+06
2.458341698510807473e+06
2.458341719344131183e+06
2.458341740177454427e+06
2.458341761010777671e+06
2.458341781844101381e+06
2.458341802677424625e+06
2.458341823510748334e+06
2.458341844344071578e+06
2.458341865177395288e+06
2.458341886010718532e+06
2.458341906844041776e+06
2.458341927677365486e+06
2.458341948510688730e+06
2.458341969344012439e+06
2.458341990177335683e+06
2.458342011010658927e+06
2.458342031843982637e+06
2.458342052677305881e+06
2.458342073510629591e+06
2.458342094343952835e+06
2.458342115177276079e+06
2.458342136010599788e+06
2.458342156843923032e+06
2.458342177677246742e+06
2.458342198510569986e+06
2.458342219343893230e+06
2.458342240177216940e+06
2.458342261010540184e+06
2.458342281843863893e+06
2.458342302677187137e+06
2.458342323510510381e+06
2.458342344343834091e+06
2.458342365177157335e+06
2.458342386010481045e+06
2.458342406843804289e+06
2.458342427677127533e+06
2.458342448510451242e+06
2.458342469343774486e+06
2.458342490177098196e+06
2.458342511010421440e+06
2.458342531843744684e+06
2.458342552677068394e+06
2.458342573510391638e+06
2.458342594343715347e+06
2.458342615177038591e+06
2.458342636010361835e+06
2.458342656843686011e+06
2.458342677677011117e+06
2.458342698510336224e+06
2.458342719343661796e+06
2.458342740176986903e+06
2.458342761010312475e+06
2.458342781843638048e+06
2.458342802676963154e+06
2.458342823510288727e+06
2.458342844343613833e+06
2.458342865176939406e+06
2.458342886010264978e+06
2.458342906843590084e+06
2.458342927676915657e+06
2.458342948510240763e+06
2.458342969343566336e+06
2.458342990176891908e+06
2.458343011010217015e+06
2.458343031843542587e+06
2.458343052676867694e+06
2.458343073510193266e+06
2.458343094343518373e+06
2.458343115176843945e+06
2.458343136010169517e+06
2.458343156843494624e+06
2.458343177676820196e+06
2.458343198510145303e+06
2.458343219343470875e+06
2.458343240176796447e+06
2.458343261010121554e+06
2.458343281843447126e+06
2.458343302676772233e+06
2.458343323510097805e+06
2.458343344343423378e+06
2.458343365176748484e+06
2.458343386010074057e+06
2.458343406843399163e+06
2.458343427676724736e+06
2.458343448510050308e+06
2.458343469343375415e+06
2.458343490176700987e+06
2.458343511010026094e+06
2.458343531843351666e+06
2.458343552676677238e+06
2.458343573510002345e+06
2.458343594343327917e+06
2.458343615176653024e+06
2.458343636009978596e+06
2.458343656843304168e+06
2.458343677676629275e+06
2.458343698509954847e+06
2.458343719343279954e+06
2.458343740176605526e+06
2.458343761009931099e+06
2.458343781843256205e+06
2.458343802676581778e+06
2.458343823509906884e+06
2.458343844343232457e+06
2.458343865176557563e+06
2.458343886009883136e+06
2.458343906843208708e+06
2.458343927676533815e+06
2.458343948509859387e+06
2.458343969343184493e+06
2.458343990176510066e+06
2.458344011009835638e+06
2.458344031843160745e+06
2.458344052676486317e+06
2.458344073509811424e+06
2.458344094343136996e+06
2.458344115176462568e+06
2.458344136009787675e+06
2.458344156843113247e+06
2.458344177676438354e+06
2.458344198509763926e+06
2.458344219343089499e+06
2.458344240176414605e+06
2.458344261009740178e+06
2.458344281843065284e+06
2.458344302676390857e+06
2.458344323509716429e+06
2.458344344343041535e+06
2.458344365176367108e+06
2.458344386009692214e+06
2.458344406843017787e+06
2.458344427676343359e+06
2.458344448509668466e+06
2.458344469342994038e+06
2.458344490176319145e+06
2.458344511009644717e+06
2.458344531842970289e+06
2.458344552676295396e+06
2.458344573509620968e+06
2.458344594342946075e+06
2.458344615176271647e+06
2.458344636009596754e+06
2.458344656842922326e+06
2.458344677676247898e+06
2.458344698509573005e+06
2.458344719342898577e+06
2.458344740176223684e+06
2.458344761009549256e+06
2.458344781842874829e+06
2.458344802676199935e+06
2.458344823509525508e+06
2.458344844342850614e+06
2.458344865176176187e+06
2.458344886009501759e+06
2.458344906842826866e+06
2.458344927676152438e+06
2.458344948509477545e+06
2.458344969342803117e+06
2.458344990176128689e+06
2.458345011009453796e+06
2.458345031842779368e+06
2.458345052676104940e+06
2.458345073509430513e+06
2.458345094342756551e+06
2.458345115176082123e+06
2.458345136009407695e+06
2.458345156842733268e+06
2.458345177676058840e+06
2.458345198509384878e+06
2.458345219342710450e+06
2.458345240176036023e+06
2.458345261009361595e+06
2.458345281842687167e+06
2.458345302676013205e+06
2.458345323509338778e+06
2.458345344342664350e+06
2.458345365175989922e+06
2.458345386009315494e+06
2.458345406842641532e+06
2.458345427675967105e+06
2.458345448509292677e+06
2.458345469342618249e+06
2.458345490175943822e+06
2.458345511009269860e+06
2.458345531842595432e+06
2.458345552675921004e+06
2.458345573509246577e+06
2.458345594342572149e+06
2.458345615175898187e+06
2.458345636009223759e+06
2.458345656842549331e+06
2.458345677675874904e+06
2.458345698509200476e+06
2.458345719342526514e+06
2.458345740175852086e+06
2.458345761009177659e+06
2.458345781842503231e+06
2.458345802675828803e+06
2.458345823509154841e+06
2.458345844342480414e+06
2.458345865175805986e+06
2.458345886009131558e+06
2.458345906842457131e+06
2.458345927675783169e+06
2.458345948509108741e+06
2.458345969342434313e+06
2.458345990175759885e+06
2.458346011009085458e+06
2.458346031842411030e+06
2.458346052675737068e+06
2.458346073509062640e+06
2.458346094342388213e+06
2.458346115175713785e+06
2.458346136009039357e+06
2.458346156842365395e+06
2.458346177675690968e+06
2.458346198509016540e+06
2.458346219342342112e+06
2.458346240175667685e+06
2.458346261008993722e+06
2.458346281842319295e+06
2.458346302675644867e+06
2.458346323508970439e+06
2.458346344342296012e+06
2.458346365175622050e+06
2.458346386008947622e+06
2.458346406842273194e+06
2.458346427675598767e+06
2.458346448508924339e+06
2.458346469342250377e+06
2.458346490175575949e+06
2.458346511008901522e+06
2.458346531842227094e+06
2.458346552675552666e+06
2.458346573508878704e+06
2.458346594342204276e+06
2.458346615175529849e+06
2.458346636008855421e+06
2.458346656842180993e+06
2.458346677675507031e+06
2.458346698508832604e+06
2.458346719342158176e+06
2.458346740175483748e+06
2.458346761008809321e+06
2.458346781842135359e+06
2.458346802675460931e+06
2.458346823508786503e+06
2.458346844342112076e+06
2.458346865175437648e+06
2.458346886008763686e+06
2.458346906842089258e+06
2.458346927675414830e+06
2.458346948508740403e+06
2.458346969342065975e+06
2.458346990175392013e+06
2.458347011008717585e+06
2.458347031842043158e+06
2.458347052675368730e+06
2.458347073508694302e+06
2.458347094342020340e+06
2.458347115175345913e+06
2.458347136008671485e+06
2.458347156841997057e+06
2.458347177675322630e+06
2.458347198508648667e+06
2.458347219341974240e+06
2.458347240175299812e+06
2.458347261008625384e+06
2.458347281841950957e+06
2.458347302675276995e+06
2.458347323508602567e+06
2.458347344341928139e+06
2.458347365175253246e+06
2.458347386008578353e+06
2.458347406841903925e+06
2.458347427675229032e+06
2.458347448508554138e+06
2.458347469341879245e+06
2.458347490175204352e+06
2.458347511008529458e+06
2.458347531841854565e+06
2.458347552675179671e+06
2.458347573508504778e+06
2.458347594341829885e+06
2.458347615175154991e+06
2.458347636008480098e+06
2.458347656841805205e+06
2.458347677675130311e+06
2.458347698508455884e+06
2.458347719341780990e+06
2.458347740175106097e+06
2.458347761008431204e+06
2.458347781841756310e+06
2.458347802675081417e+06
2.458347823508406524e+06
2.458347844341731630e+06
2.458347865175056737e+06
2.458347886008381844e+06
2.458347906841706950e+06
2.458347927675032057e+06
2.458347948508357164e+06
2.458347969341682736e+06
2.458347990175007842e+06
2.458348011008332949e+06
2.458348031841658056e+06
2.458348052674983162e+06
2.458348073508308269e+06
2.458348094341633376e+06
2.458348115174958482e+06
2.458348136008283589e+06
2.458348156841608696e+06
2.458348177674933802e+06
2.458348198508258909e+06
2.458348219341584016e+06
2.458348240174909122e+06
2.458348261008234695e+06
2.458348281841559801e+06
2.458348302674884908e+06
2.458348323508210015e+06
2.458348344341535121e+06
2.458348365174860228e+06
2.458348386008185335e+06
2.458348406841510441e+06
2.458348427674835548e+06
2.458348448508160654e+06
2.458348469341485761e+06
2.458348490174810868e+06
2.458348511008135974e+06
2.458348531841461547e+06
2.458348552674786653e+06
2.458348573508111760e+06
2.458348594341436867e+06
2.458348615174761973e+06
2.458348636008087080e+06
2.458348656841412187e+06
2.458348677674737293e+06
2.458348698508062400e+06
2.458348719341387507e+06
2.458348740174712613e+06
2.458348761008037720e+06
2.458348781841362827e+06
2.458348802674687933e+06
2.458348823508013505e+06
2.458348844341338612e+06
2.458348865174663719e+06
2.458348886007988825e+06
2.458348906841313932e+06
2.458348927674639039e+06
2.458348948507964145e+06
2.458348969341289252e+06
2.458348990174614359e+06
2.458349011007939465e+06
2.458349031841264572e+06
2.458349052674589679e+06
2.458349073507914785e+06
2.458349094341240358e+06
2.458349115174565464e+06
2.458349136007890571e+06
2.458349156841215678e+06
2.458349177674540784e+06
2.458349198507865891e+06
2.458349219341190998e+06
2.458349240174516104e+06
2.458349261007841211e+06
2.458349281841166317e+06
2.458349302674491424e+06
2.458349323507816531e+06
2.458349344341141637e+06
2.458349365174467210e+06
2.458349386007792316e+06
2.458349406841117423e+06
2.458349427674442530e+06
2.458349448507767636e+06
2.458349469341092743e+06
2.458349490174417850e+06
2.458349511007742956e+06
2.458349531841068063e+06
2.458349552674393170e+06
2.458349573507718276e+06
2.458349594341043383e+06
2.458349615174368490e+06
2.458349636007693596e+06
2.458349656841019168e+06
2.458349677674344275e+06
2.458349698507669382e+06
2.458349719340994488e+06
2.458349740174319595e+06
2.458349761007644702e+06
2.458349781840969808e+06
2.458349802674294915e+06
2.458349823507620022e+06
2.458349844340945128e+06
2.458349865174270235e+06
2.458349886007595342e+06
2.458349906840920448e+06
2.458349927674246021e+06
2.458349948507571127e+06
2.458349969340896234e+06
2.458349990174221341e+06
2.458350011007546447e+06
2.458350031840871554e+06
2.458350052674196661e+06
2.458350073507521767e+06
2.458350094340846874e+06
2.458350115174171980e+06
2.458350136007497087e+06
2.458350156840822194e+06
2.458350177674147300e+06
2.458350198507472873e+06
2.458350219340797979e+06
2.458350240174123086e+06
2.458350261007448193e+06
2.458350281840773299e+06
2.458350302674098406e+06
2.458350323507423513e+06
2.458350344340748619e+06
2.458350365174073726e+06
2.458350386007398367e+06
2.458350406840722542e+06
2.458350427674046252e+06
2.458350448507370427e+06
2.458350469340694137e+06
2.458350490174017847e+06
2.458350511007341556e+06
2.458350531840665732e+06
2.458350552673989441e+06
2.458350573507313151e+06
2.458350594340636861e+06
2.458350615173960570e+06
2.458350636007284746e+06
2.458350656840608455e+06
2.458350677673932165e+06
2.458350698507255875e+06
2.458350719340579584e+06
2.458350740173903760e+06
2.458350761007227469e+06
2.458350781840551179e+06
2.458350802673874889e+06
2.458350823507199064e+06
2.458350844340522774e+06
2.458350865173846483e+06
2.458350886007170193e+06
2.458350906840493903e+06
2.458350927673818078e+06
2.458350948507141788e+06
2.458350969340465497e+06
2.458350990173789207e+06
2.458351011007112917e+06
2.458351031840437092e+06
2.458351052673760802e+06
2.458351073507084511e+06
2.458351094340408221e+06
2.458351115173732396e+06
2.458351136007056106e+06
2.458351156840379816e+06
2.458351177673703525e+06
2.458351198507027235e+06
2.458351219340351410e+06
2.458351240173675120e+06
2.458351261006998830e+06
2.458351281840322539e+06
2.458351302673646249e+06
2.458351323506970424e+06
2.458351344340294134e+06
2.458351365173617844e+06
2.458351386006941553e+06
2.458351406840265729e+06
2.458351427673589438e+06
2.458351448506913148e+06
2.458351469340236858e+06
2.458351490173560567e+06
2.458351511006884743e+06
2.458351531840208452e+06
2.458351552673532162e+06
2.458351573506855872e+06
2.458351594340179581e+06
2.458351615173503757e+06
2.458351636006827466e+06
2.458351656840151176e+06
2.458351677673474886e+06
2.458351698506799061e+06
2.458351719340122771e+06
2.458351740173446480e+06
2.458351761006770190e+06
2.458351781840093900e+06
2.458351802673418075e+06
2.458351823506741785e+06
2.458351844340065494e+06
2.458351865173389204e+06
2.458351886006712914e+06
2.458351906840037089e+06
2.458351927673360799e+06
2.458351948506684508e+06
2.458351969340008218e+06
2.458351990173332393e+06
2.458352011006656103e+06
2.458352031839979813e+06
2.458352052673303522e+06
2.458352073506627232e+06
2.458352094339951407e+06
2.458352115173275117e+06
2.458352136006598826e+06
2.458352156839922536e+06
2.458352177673246246e+06
2.458352198506570421e+06
2.458352219339894131e+06
2.458352240173217840e+06
2.458352261006541550e+06
2.458352281839865725e+06
2.458352302673189435e+06
2.458352323506513145e+06
2.458352344339836854e+06
2.458352365173160564e+06
2.458352386006484739e+06
2.458352406839808449e+06
2.458352427673132159e+06
2.458352448506455868e+06
2.458352469339779578e+06
2.458352490173103753e+06
2.458352511006427463e+06
2.458352531839751173e+06
2.458352552673074882e+06
2.458352573506399058e+06
2.458352594339722767e+06
2.458352615173046477e+06
2.458352636006370187e+06
2.458352656839693896e+06
2.458352677673018072e+06
2.458352698506341781e+06
2.458352719339665491e+06
2.458352740172989201e+06
2.458352761006312910e+06
2.458352781839637086e+06
2.458352802672960795e+06
2.458352823506284505e+06
2.458352844339608215e+06
2.458352865172932390e+06
2.458352886006256100e+06
2.458352906839579809e+06
2.458352927672903519e+06
2.458352948506227229e+06
2.458352969339551404e+06
2.458352990172875114e+06
2.458353011006198823e+06
2.458353031839522533e+06
2.458353052672846243e+06
2.458353073506170418e+06
2.458353094339494128e+06
2.458353115172817837e+06
2.458353136006141547e+06
2.458353156839465722e+06
