2.458625510894212406e+06
2.458625531727537047e+06
2.458625552560861688e+06
2.458625573394185863e+06
2.458625594227510504e+06
2.458625615060835145e+06
2.458625635894159321e+06
2.458625656727483962e+06
2.458625677560808137e+06
2.458625698394132778e+06
2.458625719227457419e+06
2.458625740060781594e+06
2.458625760894106235e+06
2.458625781727430876e+06
2.458625802560755052e+06
2.458625823394079693e+06
2.458625844227404334e+06
2.458625865060728509e+06
2.458625885894053150e+06
2.458625906727377791e+06
2.458625927560701966e+06
2.458625948394026607e+06
2.458625969227350783e+06
2.458625990060675424e+06
2.458626010894000065e+06
2.458626031727324240e+06
2.458626052560648881e+06
2.458626073393973522e+06
2.458626094227297697e+06
2.458626115060622338e+06
2.458626135893946979e+06
2.458626156727271155e+06
2.458626177560595796e+06
2.458626198393920437e+06
2.458626219227244612e+06
2.458626240060569253e+06
2.458626260893893428e+06
2.458626281727218069e+06
2.458626302560542710e+06
2.458626323393866885e+06
2.458626344227191526e+06
2.458626365060516167e+06
2.458626385893840343e+06
2.458626406727164984e+06
2.458626427560489625e+06
2.458626448393813800e+06
2.458626469227138441e+06
2.458626490060462616e+06
2.458626510893787257e+06
2.458626531727111898e+06
2.458626552560436074e+06
2.458626573393760715e+06
2.458626594227085356e+06
2.458626615060409531e+06
2.458626635893734172e+06
2.458626656727058813e+06
2.458626677560382988e+06
2.458626698393707629e+06
2.458626719227032270e+06
2.458626740060356446e+06
2.458626760893681087e+06
2.458626781727005262e+06
2.458626802560329903e+06
2.458626823393654544e+06
2.458626844226978719e+06
2.458626865060303360e+06
2.458626885893628001e+06
2.458626906726952177e+06
2.458626927560276818e+06
2.458626948393601459e+06
2.458626969226925634e+06
2.458626990060250275e+06
2.458627010893574916e+06
2.458627031726899091e+06
2.458627052560223732e+06
2.458627073393547907e+06
2.458627094226872548e+06
2.458627115060197189e+06
2.458627135893521365e+06
2.458627156726846006e+06
2.458627177560170647e+06
2.458627198393494822e+06
2.458627219226819463e+06
2.458627240060144104e+06
2.458627260893468279e+06
2.458627281726792920e+06
2.458627302560117561e+06
2.458627323393441737e+06
2.458627344226766378e+06
2.458627365060090553e+06
2.458627385893415194e+06
2.458627406726739835e+06
2.458627427560064010e+06
2.458627448393388651e+06
2.458627469226713292e+06
2.458627490060037468e+06
2.458627510893362109e+06
2.458627531726686750e+06
2.458627552560010925e+06
2.458627573393335566e+06
2.458627594226660207e+06
2.458627615059984382e+06
2.458627635893309023e+06
2.458627656726633199e+06
2.458627677559957840e+06
2.458627698393282481e+06
2.458627719226606656e+06
2.458627740059931297e+06
2.458627760893255938e+06
2.458627781726580113e+06
2.458627802559904754e+06
2.458627823393229395e+06
2.458627844226553570e+06
2.458627865059878211e+06
2.458627885893202387e+06
2.458627906726527028e+06
2.458627927559851669e+06
2.458627948393175844e+06
2.458627969226500485e+06
2.458627990059825126e+06
2.458628010893149301e+06
2.458628031726473942e+06
2.458628052559798583e+06
2.458628073393122759e+06
2.458628094226447400e+06
2.458628115059772041e+06
2.458628135893096216e+06
2.458628156726420857e+06
2.458628177559745032e+06
2.458628198393069673e+06
2.458628219226394314e+06
2.458628240059718490e+06
2.458628260893043131e+06
2.458628281726367772e+06
2.458628302559691947e+06
2.458628323393016588e+06
2.458628344226341229e+06
2.458628365059665404e+06
2.458628385892990045e+06
2.458628406726314686e+06
2.458628427559638862e+06
2.458628448392963503e+06
2.458628469226287678e+06
2.458628490059612319e+06
2.458628510892936960e+06
2.458628531726261135e+06
2.458628552559585776e+06
2.458628573392910417e+06
2.458628594226234592e+06
2.458628615059559233e+06
2.458628635892883874e+06
2.458628656726208050e+06
2.458628677559532691e+06
2.458628698392856866e+06
2.458628719226181507e+06
2.458628740059506148e+06
2.458628760892830323e+06
2.458628781726154964e+06
2.458628802559479605e+06
2.458628823392803781e+06
2.458628844226128422e+06
2.458628865059453063e+06
2.458628885892777238e+06
2.458628906726101879e+06
2.458628927559426520e+06
2.458628948392750695e+06
2.458628969226075336e+06
2.458628990059399512e+06
2.458629010892724153e+06
2.458629031726048794e+06
2.458629052559372969e+06
2.458629073392697610e+06
2.458629094226022251e+06
2.458629115059346426e+06
2.458629135892671067e+06
2.458629156725995708e+06
2.458629177559319884e+06
2.458629198392644525e+06
2.458629219225969166e+06
2.458629240059293341e+06
2.458629260892617982e+06
2.458629281725942157e+06
2.458629302559266798e+06
2.458629323392591439e+06
2.458629344225915615e+06
2.458629365059240256e+06
2.458629385892564896e+06
2.458629406725889072e+06
2.458629427559213713e+06
2.458629448392538354e+06
2.458629469225862529e+06
2.458629490059187170e+06
2.458629510892511811e+06
2.458629531725835986e+06
2.458629552559160627e+06
2.458629573392484803e+06
2.458629594225809444e+06
2.458629615059134085e+06
2.458629635892458260e+06
2.458629656725782901e+06
2.458629677559107542e+06
2.458629698392431717e+06
2.458629719225756358e+06
2.458629740059080999e+06
2.458629760892405175e+06
2.458629781725729816e+06
2.458629802559053991e+06
2.458629823392378632e+06
2.458629844225703273e+06
2.458629865059027448e+06
2.458629885892352089e+06
2.458629906725676730e+06
2.458629927559000906e+06
2.458629948392325547e+06
2.458629969225650188e+06
2.458629990058974363e+06
2.458630010892299004e+06
2.458630031725623645e+06
2.458630052558947820e+06
2.458630073392272461e+06
2.458630094225596637e+06
2.458630115058921278e+06
2.458630135892245919e+06
2.458630156725570094e+06
2.458630177558894735e+06
2.458630198392219376e+06
2.458630219225543551e+06
2.458630240058868192e+06
2.458630260892192833e+06
2.458630281725517008e+06
2.458630302558841649e+06
2.458630323392166290e+06
2.458630344225490466e+06
2.458630365058815107e+06
2.458630385892139282e+06
2.458630406725463923e+06
2.458630427558788564e+06
2.458630448392112739e+06
2.458630469225437380e+06
2.458630490058762021e+06
2.458630510892086197e+06
2.458630531725410838e+06
2.458630552558735479e+06
2.458630573392059654e+06
2.458630594225384295e+06
2.458630615058708470e+06
2.458630635892033111e+06
2.458630656725357752e+06
2.458630677558681928e+06
2.458630698392006569e+06
2.458630719225331210e+06
2.458630740058655385e+06
2.458630760891980026e+06
2.458630781725304667e+06
2.458630802558628842e+06
2.458630823391953483e+06
2.458630844225278124e+06
2.458630865058602300e+06
2.458630885891926941e+06
2.458630906725251116e+06
2.458630927558575757e+06
2.458630948391900398e+06
2.458630969225224573e+06
2.458630990058549214e+06
2.458631010891873855e+06
2.458631031725198030e+06
2.458631052558522671e+06
2.458631073391847312e+06
2.458631094225171488e+06
2.458631115058496129e+06
2.458631135891820770e+06
2.458631156725144945e+06
2.458631177558469586e+06
2.458631198391793761e+06
2.458631219225118402e+06
2.458631240058443043e+06
2.458631260891767219e+06
2.458631281725091860e+06
2.458631302558416501e+06
2.458631323391740676e+06
2.458631344225065317e+06
2.458631365058389958e+06
2.458631385891714133e+06
2.458631406725038774e+06
2.458631427558362950e+06
2.458631448391687591e+06
2.458631469225012232e+06
2.458631490058336407e+06
2.458631510891661048e+06
2.458631531724985689e+06
2.458631552558309864e+06
2.458631573391634505e+06
2.458631594224959146e+06
2.458631615058283322e+06
2.458631635891607963e+06
2.458631656724932604e+06
2.458631677558256779e+06
2.458631698391581420e+06
2.458631719224905595e+06
2.458631740058230236e+06
2.458631760891554877e+06
2.458631781724879052e+06
2.458631802558203693e+06
2.458631823391528334e+06
2.458631844224852510e+06
2.458631865058177151e+06
2.458631885891501792e+06
2.458631906724825967e+06
2.458631927558150608e+06
2.458631948391475249e+06
2.458631969224799424e+06
2.458631990058124065e+06
2.458632010891448241e+06
2.458632031724772882e+06
2.458632052558097523e+06
2.458632073391421698e+06
2.458632094224746339e+06
2.458632115058070980e+06
2.458632135891395155e+06
2.458632156724719796e+06
2.458632177558044437e+06
2.458632198391368613e+06
2.458632219224693254e+06
2.458632240058017429e+06
2.458632260891342070e+06
2.458632281724666711e+06
2.458632302557990886e+06
2.458632323391315527e+06
2.458632344224640168e+06
2.458632365057964344e+06
2.458632385891288985e+06
2.458632406724613626e+06
2.458632427557937801e+06
2.458632448391262442e+06
2.458632469224587083e+06
2.458632490057911258e+06
2.458632510891235899e+06
2.458632531724560075e+06
2.458632552557884715e+06
2.458632573391209356e+06
2.458632594224533532e+06
2.458632615057858173e+06
2.458632635891182814e+06
2.458632656724506989e+06
2.458632677557831630e+06
2.458632698391156271e+06
2.458632719224480446e+06
2.458632740057805087e+06
2.458632760891129728e+06
2.458632781724453904e+06
2.458632802557778545e+06
2.458632823391102720e+06
2.458632844224427361e+06
2.458632865057752002e+06
2.458632885891076177e+06
2.458632906724400818e+06
2.458632927557725459e+06
2.458632948391049635e+06
2.458632969224374276e+06
2.458632990057698917e+06
2.458633010891023092e+06
2.458633031724347733e+06
2.458633052557671908e+06
2.458633073390996549e+06
2.458633094224321190e+06
2.458633115057645366e+06
2.458633135890970007e+06
2.458633156724294648e+06
2.458633177557618823e+06
2.458633198390943464e+06
2.458633219224268105e+06
2.458633240057592280e+06
2.458633260890916921e+06
2.458633281724241562e+06
2.458633302557565738e+06
2.458633323390890379e+06
2.458633344224214554e+06
2.458633365057539195e+06
2.458633385890863836e+06
2.458633406724188011e+06
2.458633427557512652e+06
2.458633448390837293e+06
2.458633469224161468e+06
2.458633490057486109e+06
2.458633510890810750e+06
2.458633531724134926e+06
2.458633552557459567e+06
2.458633573390783742e+06
2.458633594224108383e+06
2.458633615057433024e+06
2.458633635890757199e+06
2.458633656724081840e+06
2.458633677557406481e+06
2.458633698390730657e+06
2.458633719224055298e+06
2.458633740057379939e+06
2.458633760890704114e+06
2.458633781724028755e+06
2.458633802557353396e+06
2.458633823390677571e+06
2.458633844224002212e+06
2.458633865057326388e+06
2.458633885890651029e+06
2.458633906723975670e+06
2.458633927557299845e+06
2.458633948390624486e+06
2.458633969223949127e+06
2.458633990057273302e+06
2.458634010890597943e+06
2.458634031723922584e+06
2.458634052557246760e+06
2.458634073390571401e+06
2.458634094223896042e+06
2.458634115057220217e+06
2.458634135890544858e+06
2.458634156723869033e+06
2.458634177557193674e+06
2.458634198390518315e+06
2.458634219223842490e+06
2.458634240057167131e+06
2.458634260890491772e+06
2.458634281723815948e+06
2.458634302557140589e+06
2.458634323390465230e+06
2.458634344223789405e+06
2.458634365057114046e+06
2.458634385890438221e+06
2.458634406723762862e+06
2.458634427557087503e+06
2.458634448390411679e+06
2.458634469223736320e+06
2.458634490057060961e+06
2.458634510890385136e+06
2.458634531723709777e+06
2.458634552557034418e+06
2.458634573390358593e+06
2.458634594223683234e+06
2.458634615057007875e+06
2.458634635890332051e+06
2.458634656723656692e+06
2.458634677556980867e+06
2.458634698390305508e+06
2.458634719223630149e+06
2.458634740056954324e+06
2.458634760890278965e+06
2.458634781723603606e+06
2.458634802556927782e+06
2.458634823390252423e+06
2.458634844223577064e+06
2.458634865056901239e+06
2.458634885890225880e+06
2.458634906723550055e+06
2.458634927556874696e+06
2.458634948390199337e+06
2.458634969223523512e+06
2.458634990056848153e+06
2.458635010890172794e+06
2.458635031723496970e+06
2.458635052556821611e+06
2.458635073390146252e+06
2.458635094223470427e+06
2.458635115056795068e+06
2.458635135890119709e+06
2.458635156723443884e+06
2.458635177556768525e+06
2.458635198390092701e+06
2.458635219223417342e+06
2.458635240056741983e+06
2.458635260890066158e+06
2.458635281723390799e+06
2.458635302556715440e+06
2.458635323390039615e+06
2.458635344223364256e+06
2.458635365056688897e+06
2.458635385890013073e+06
2.458635406723337714e+06
2.458635427556661889e+06
2.458635448389986530e+06
2.458635469223311171e+06
2.458635490056635346e+06
2.458635510889959987e+06
2.458635531723284628e+06
2.458635552556608804e+06
2.458635573389933445e+06
2.458635594223258086e+06
2.458635615056582261e+06
2.458635635889906902e+06
2.458635656723231543e+06
2.458635677556555718e+06
2.458635698389880359e+06
2.458635719223204535e+06
2.458635740056529175e+06
2.458635760889853816e+06
2.458635781723177992e+06
2.458635802556502633e+06
2.458635823389827274e+06
2.458635844223151449e+06
2.458635865056476090e+06
2.458635885889800731e+06
2.458635906723124906e+06
2.458635927556449547e+06
2.458635948389774188e+06
2.458635969223098364e+06
2.458635990056423005e+06
2.458636010889747180e+06
2.458636031723071821e+06
2.458636052556396462e+06
2.458636073389720637e+06
2.458636094223045278e+06
2.458636115056369919e+06
2.458636135889694095e+06
2.458636156723018736e+06
2.458636177556343377e+06
2.458636198389667552e+06
2.458636219222992193e+06
2.458636240056316368e+06
2.458636260889641009e+06
2.458636281722965650e+06
2.458636302556289826e+06
2.458636323389614467e+06
2.458636344222939108e+06
2.458636365056263283e+06
2.458636385889587924e+06
2.458636406722912565e+06
2.458636427556236740e+06
2.458636448389561381e+06
2.458636469222886022e+06
2.458636490056210198e+06
2.458636510889534838e+06
2.458636531722859014e+06
2.458636552556183655e+06
2.458636573389508296e+06
2.458636594222832471e+06
2.458636615056157112e+06
2.458636635889481753e+06
2.458636656722805928e+06
2.458636677556130569e+06
2.458636698389455210e+06
2.458636719222779386e+06
2.458636740056104027e+06
2.458636760889428202e+06
2.458636781722752843e+06
2.458636802556077484e+06
2.458636823389401659e+06
2.458636844222726300e+06
2.458636865056050941e+06
2.458636885889375117e+06
2.458636906722699758e+06
2.458636927556024399e+06
2.458636948389348574e+06
2.458636969222673215e+06
2.458636990055997856e+06
2.458637010889322031e+06
2.458637031722646672e+06
2.458637052555970848e+06
2.458637073389295489e+06
2.458637094222620130e+06
2.458637115055944305e+06
2.458637135889268946e+06
2.458637156722593587e+06
2.458637177555917762e+06
2.458637198389242403e+06
2.458637219222567044e+06
2.458637240055891220e+06
2.458637260889215861e+06
2.458637281722540036e+06
2.458637302555864677e+06
2.458637323389189318e+06
2.458637344222513493e+06
2.458637365055838134e+06
2.458637385889162775e+06
2.458637406722486950e+06
2.458637427555811591e+06
2.458637448389136232e+06
2.458637469222460408e+06
2.458637490055785049e+06
2.458637510889109690e+06
2.458637531722433865e+06
2.458637552555758506e+06
2.458637573389082681e+06
2.458637594222407322e+06
2.458637615055731963e+06
2.458637635889056139e+06
2.458637656722380780e+06
2.458637677555705421e+06
2.458637698389029596e+06
2.458637719222354237e+06
2.458637740055678878e+06
2.458637760889003053e+06
2.458637781722327694e+06
2.458637802555651870e+06
2.458637823388976511e+06
2.458637844222301152e+06
2.458637865055625327e+06
2.458637885888949968e+06
2.458637906722274609e+06
2.458637927555598784e+06
2.458637948388923425e+06
2.458637969222248066e+06
2.458637990055572242e+06
2.458638010888896883e+06
2.458638031722221524e+06
2.458638052555545699e+06
2.458638073388870340e+06
2.458638094222194515e+06
2.458638115055519156e+06
2.458638135888843797e+06
2.458638156722167972e+06
2.458638177555492613e+06
2.458638198388817254e+06
2.458638219222141430e+06
2.458638240055466071e+06
2.458638260888790712e+06
2.458638281722114887e+06
2.458638302555439528e+06
2.458638323388763703e+06
2.458638344222088344e+06
2.458638365055412985e+06
2.458638385888737161e+06
2.458638406722061802e+06
2.458638427555386443e+06
2.458638448388710618e+06
2.458638469222035259e+06
2.458638490055359900e+06
2.458638510888684075e+06
2.458638531722008716e+06
2.458638552555333357e+06
2.458638573388657533e+06
2.458638594221982174e+06
2.458638615055306349e+06
2.458638635888630990e+06
2.458638656721955631e+06
2.458638677555279806e+06
2.458638698388604447e+06
2.458638719221929088e+06
2.458638740055253264e+06
2.458638760888577905e+06
2.458638781721902546e+06
2.458638802555226721e+06
2.458638823388551362e+06
2.458638844221875537e+06
2.458638865055200178e+06
2.458638885888524819e+06
2.458638906721848994e+06
2.458638927555173635e+06
2.458638948388498276e+06
2.458638969221822452e+06
2.458640052554694936e+06
2.458640073388019577e+06
2.458640094221343752e+06
2.458640115054668393e+06
2.458640135887993034e+06
2.458640156721317209e+06
2.458640177554641850e+06
2.458640198387966491e+06
2.458640219221290667e+06
2.458640240054615308e+06
2.458640260887939483e+06
2.458640281721264124e+06
2.458640302554588765e+06
2.458640323387912940e+06
2.458640344221237581e+06
2.458640365054562222e+06
2.458640385887886398e+06
2.458640406721211039e+06
2.458640427554535680e+06
2.458640448387859855e+06
2.458640469221184496e+06
2.458640490054509137e+06
2.458640510887833312e+06
2.458640531721157953e+06
2.458640552554482128e+06
2.458640573387806769e+06
2.458640594221131410e+06
2.458640615054455586e+06
2.458640635887780227e+06
2.458640656721104868e+06
2.458640677554429043e+06
2.458640698387753684e+06
2.458640719221078325e+06
2.458640740054402500e+06
2.458640760887727141e+06
2.458640781721051317e+06
2.458640802554375958e+06
2.458640823387700599e+06
2.458640844221024774e+06
2.458640865054349415e+06
2.458640885887674056e+06
2.458640906720998231e+06
2.458640927554322872e+06
2.458640948387647513e+06
2.458640969220971689e+06
2.458640990054296330e+06
2.458641010887620505e+06
2.458641031720945146e+06
2.458641052554269787e+06
2.458641073387593962e+06
2.458641094220918603e+06
2.458641115054243244e+06
2.458641135887567420e+06
2.458641156720892061e+06
2.458641177554216702e+06
2.458641198387540877e+06
2.458641219220865518e+06
2.458641240054190159e+06
2.458641260887514334e+06
2.458641281720838975e+06
2.458641302554163150e+06
2.458641323387487791e+06
2.458641344220812432e+06
2.458641365054136608e+06
2.458641385887461249e+06
2.458641406720785890e+06
2.458641427554110065e+06
2.458641448387434706e+06
2.458641469220759347e+06
2.458641490054083522e+06
2.458641510887408163e+06
2.458641531720732339e+06
2.458641552554056980e+06
2.458641573387381621e+06
2.458641594220705796e+06
2.458641615054030437e+06
2.458641635887355078e+06
2.458641656720679253e+06
2.458641677554003894e+06
2.458641698387328535e+06
2.458641719220652711e+06
2.458641740053977352e+06
2.458641760887301993e+06
2.458641781720626168e+06
2.458641802553950809e+06
2.458641823387274984e+06
2.458641844220599625e+06
2.458641865053924266e+06
2.458641885887248442e+06
2.458641906720573083e+06
2.458641927553897724e+06
2.458641948387221899e+06
2.458641969220546540e+06
2.458641990053871181e+06
2.458642010887195356e+06
2.458642031720519997e+06
2.458642052553844173e+06
2.458642073387168813e+06
2.458642094220493454e+06
2.458642115053817630e+06
2.458642135887142271e+06
2.458642156720466912e+06
2.458642177553791087e+06
2.458642198387115728e+06
2.458642219220440369e+06
2.458642240053764544e+06
2.458642260887089185e+06
2.458642281720413826e+06
2.458642302553738002e+06
2.458642323387062643e+06
2.458642344220386818e+06
2.458642365053711459e+06
2.458642385887036100e+06
2.458642406720360275e+06
2.458642427553684916e+06
2.458642448387009557e+06
2.458642469220333733e+06
2.458642490053658374e+06
2.458642510886983015e+06
2.458642531720307190e+06
2.458642552553631831e+06
2.458642573386956006e+06
2.458642594220280647e+06
2.458642615053605288e+06
2.458642635886929464e+06
2.458642656720254105e+06
2.458642677553578746e+06
2.458642698386902921e+06
2.458642719220227562e+06
2.458642740053552203e+06
2.458642760886876378e+06
2.458642781720201019e+06
2.458642802553525195e+06
2.458642823386849836e+06
2.458642844220174477e+06
2.458642865053498652e+06
2.458642885886823293e+06
2.458642906720147934e+06
2.458642927553472109e+06
2.458642948386796750e+06
2.458642969220121391e+06
2.458642990053445566e+06
2.458643010886770207e+06
2.458643031720094848e+06
2.458643052553419024e+06
2.458643073386743665e+06
2.458643094220067840e+06
2.458643115053392481e+06
2.458643135886717122e+06
2.458643156720041297e+06
2.458643177553365938e+06
2.458643198386690579e+06
2.458643219220014755e+06
2.458643240053339396e+06
2.458643260886664037e+06
2.458643281719988212e+06
2.458643302553312853e+06
2.458643323386637028e+06
2.458643344219961669e+06
2.458643365053286310e+06
2.458643385886610486e+06
2.458643406719935127e+06
2.458643427553259768e+06
2.458643448386583943e+06
2.458643469219908584e+06
2.458643490053233225e+06
2.458643510886557400e+06
2.458643531719882041e+06
2.458643552553206682e+06
2.458643573386530858e+06
2.458643594219855499e+06
2.458643615053179674e+06
2.458643635886504315e+06
2.458643656719828956e+06
2.458643677553153131e+06
2.458643698386477772e+06
2.458643719219802413e+06
2.458643740053126588e+06
2.458643760886451229e+06
2.458643781719775870e+06
2.458643802553100046e+06
2.458643823386424687e+06
2.458643844219748862e+06
2.458643865053073503e+06
2.458643885886398144e+06
2.458643906719722319e+06
2.458643927553046960e+06
2.458643948386371601e+06
2.458643969219695777e+06
2.458643990053020418e+06
2.458644010886345059e+06
2.458644031719669234e+06
2.458644052552993875e+06
2.458644073386318516e+06
2.458644094219642691e+06
2.458644115052967332e+06
2.458644135886291508e+06
2.458644156719616149e+06
2.458644177552940790e+06
2.458644198386264965e+06
2.458644219219589606e+06
2.458644240052914247e+06
2.458644260886238422e+06
2.458644281719563063e+06
2.458644302552887704e+06
2.458644323386211880e+06
2.458644344219536521e+06
2.458644365052860696e+06
2.458644385886185337e+06
2.458644406719509978e+06
2.458644427552834153e+06
2.458644448386158794e+06
2.458644469219483435e+06
2.458644490052807610e+06
2.458644510886132251e+06
2.458644531719456892e+06
2.458644552552781068e+06
2.458644573386105709e+06
2.458644594219429884e+06
2.458644615052754525e+06
2.458644635886079166e+06
2.458644656719403341e+06
2.458644677552727982e+06
2.458644698386052623e+06
2.458644719219376799e+06
2.458644740052701440e+06
2.458644760886026081e+06
2.458644781719350256e+06
2.458644802552674897e+06
2.458644823385999538e+06
2.458644844219323713e+06
2.458644865052648354e+06
2.458644885885972530e+06
2.458644906719297171e+06
2.458644927552621812e+06
2.458644948385945987e+06
2.458644969219270628e+06
2.458644990052595269e+06
2.458645010885919444e+06
2.458645031719244085e+06
2.458645052552568726e+06
2.458645073385892902e+06
2.458645094219217543e+06
2.458645115052541718e+06
2.458645135885866359e+06
2.458645156719191000e+06
2.458645177552515175e+06
2.458645198385839816e+06
2.458645219219164457e+06
2.458645240052488633e+06
2.458645260885813273e+06
2.458645281719137914e+06
2.458645302552462090e+06
2.458645323385786731e+06
2.458645344219110906e+06
2.458645365052435547e+06
2.458645385885760188e+06
2.458645406719084363e+06
2.458645427552409004e+06
2.458645448385733645e+06
2.458645469219057821e+06
2.458645490052382462e+06
2.458645510885707103e+06
2.458645531719031278e+06
2.458645552552355919e+06
2.458645573385680560e+06
2.458645594219004735e+06
2.458645615052329376e+06
2.458645635885653552e+06
2.458645656718978193e+06
2.458645677552302834e+06
2.458645698385627009e+06
2.458645719218951650e+06
2.458645740052276291e+06
2.458645760885600466e+06
2.458645781718925107e+06
2.458645802552249748e+06
2.458645823385573924e+06
2.458645844218898565e+06
2.458645865052222740e+06
2.458645885885547381e+06
2.458645906718872022e+06
2.458645927552196197e+06
2.458645948385520838e+06
2.458645969218845479e+06
2.458645990052169655e+06
2.458646010885494296e+06
2.458646031718818936e+06
2.458646052552143112e+06
2.458646073385467753e+06
2.458646094218792394e+06
2.458646115052116569e+06
2.458646135885441210e+06
2.458646156718765385e+06
2.458646177552090026e+06
2.458646198385414667e+06
2.458646219218738843e+06
2.458646240052063484e+06
2.458646260885388125e+06
2.458646281718712300e+06
2.458646302552036941e+06
2.458646323385361582e+06
2.458646344218685757e+06
2.458646365052010398e+06
2.458646385885334574e+06
2.458646406718659215e+06
2.458646427551983856e+06
2.458646448385308031e+06
2.458646469218632672e+06
2.458646490051957313e+06
2.458646510885281488e+06
2.458646531718606129e+06
2.458646552551930770e+06
2.458646573385254946e+06
2.458646594218579587e+06
2.458646615051903762e+06
2.458646635885228403e+06
2.458646656718553044e+06
2.458646677551877219e+06
2.458646698385201860e+06
2.458646719218526501e+06
2.458646740051850677e+06
2.458646760885175318e+06
2.458646781718499959e+06
2.458646802551824134e+06
2.458646823385148775e+06
2.458646844218473416e+06
2.458646865051797591e+06
2.458646885885122232e+06
2.458646906718446407e+06
2.458646927551771048e+06
2.458646948385095689e+06
2.458646969218419865e+06
2.458646990051744506e+06
2.458647010885069147e+06
2.458647031718393322e+06
2.458647052551717963e+06
2.458647073385042604e+06
2.458647094218366779e+06
2.458647115051691420e+06
2.458647135885015596e+06
2.458647156718340237e+06
2.458647177551664878e+06
2.458647198384989053e+06
2.458647219218313694e+06
2.458647240051638335e+06
2.458647260884962510e+06
2.458647281718287151e+06
2.458647302551611792e+06
2.458647323384935968e+06
2.458647344218260609e+06
2.458647365051584784e+06
2.458647385884909425e+06
2.458647406718234066e+06
2.458647427551558241e+06
2.458647448384882882e+06
2.458647469218207523e+06
2.458647490051531699e+06
2.458647510884856340e+06
2.458647531718180981e+06
2.458647552551505156e+06
2.458647573384829797e+06
2.458647594218154438e+06
2.458647615051478613e+06
2.458647635884803254e+06
2.458647656718127429e+06
2.458647677551452070e+06
2.458647698384776711e+06
2.458647719218100887e+06
2.458647740051425528e+06
2.458647760884750169e+06
2.458647781718074344e+06
2.458647802551398985e+06
2.458647823384723626e+06
2.458647844218047801e+06
2.458647865051372442e+06
2.458647885884696618e+06
2.458647906718021259e+06
2.458647927551345900e+06
2.458647948384670075e+06
2.458647969217994716e+06
2.458647990051319357e+06
2.458648010884643532e+06
2.458648031717968173e+06
2.458648052551292814e+06
2.458648073384616990e+06
2.458648094217941631e+06
2.458648115051265806e+06
2.458648135884590447e+06
2.458648156717915088e+06
2.458648177551239263e+06
2.458648198384563904e+06
2.458648219217888545e+06
2.458648240051212721e+06
2.458648260884537362e+06
2.458648281717862003e+06
2.458648302551186178e+06
2.458648323384510819e+06
2.458648344217835460e+06
2.458648365051159635e+06
2.458648385884484276e+06
2.458648406717808452e+06
2.458648427551133092e+06
2.458648448384457733e+06
2.458648469217781909e+06
2.458648490051106550e+06
2.458648510884431191e+06
2.458648531717755366e+06
2.458648552551080007e+06
2.458648573384404648e+06
2.458648594217728823e+06
2.458648615051053464e+06
2.458648635884377640e+06
2.458648656717702281e+06
2.458648677551026922e+06
2.458648698384351097e+06
2.458648719217675738e+06
2.458648740051000379e+06
2.458648760884324554e+06
2.458648781717649195e+06
2.458648802550973836e+06
2.458648823384298012e+06
2.458648844217622653e+06
2.458648865050946828e+06
2.458648885884271469e+06
2.458648906717596110e+06
2.458648927550920285e+06
2.458648948384244926e+06
2.458648969217569567e+06
2.458648990050893743e+06
2.458649010884218384e+06
2.458649031717543025e+06
2.458649052550867200e+06
2.458649073384191841e+06
2.458649094217516482e+06
2.458649115050840657e+06
2.458649135884165298e+06
2.458649156717489474e+06
2.458649177550814115e+06
2.458649198384138756e+06
2.458649219217462931e+06
2.458649240050787572e+06
2.458649260884112213e+06
2.458649281717436388e+06
2.458649302550761029e+06
2.458649323384085670e+06
2.458649344217409845e+06
2.458649365050734486e+06
2.458649385884058662e+06
2.458649406717383303e+06
2.458649427550707944e+06
2.458649448384032119e+06
2.458649469217356760e+06
2.458649490050681401e+06
2.458649510884005576e+06
2.458649531717330217e+06
2.458649552550654858e+06
2.458649573383979034e+06
2.458649594217303675e+06
2.458649615050627850e+06
2.458649635883952491e+06
2.458649656717277132e+06
2.458649677550601307e+06
2.458649698383925948e+06
2.458649719217250589e+06
2.458649740050574765e+06
2.458649760883899406e+06
2.458649781717224047e+06
2.458649802550548222e+06
2.458649823383872863e+06
2.458649844217197504e+06
2.458649865050521679e+06
2.458649885883846320e+06
2.458649906717170496e+06
2.458649927550495137e+06
2.458649948383819778e+06
2.458649969217143953e+06
2.458649990050468594e+06
2.458650010883793235e+06
2.458650031717117410e+06
2.458650052550442051e+06
2.458650073383766692e+06
2.458650094217090867e+06
2.458650115050415508e+06
2.458650135883739684e+06
2.458650156717064325e+06
2.458650177550388966e+06
2.458650198383713141e+06
2.458650219217037782e+06
2.458650240050362423e+06
2.458650260883686598e+06
2.458650281717011239e+06
2.458650302550335880e+06
2.458650323383660056e+06
2.458650344216984697e+06
2.458650365050308872e+06
2.458650385883633513e+06
2.458650406716958154e+06
2.458650427550282329e+06
2.458650448383606970e+06
2.458650469216931611e+06
2.458650490050255787e+06
2.458650510883580428e+06
2.458650531716905069e+06
2.458650552550229244e+06
2.458650573383553885e+06
2.458650594216878526e+06
2.458650615050202701e+06
2.458650635883527342e+06
2.458650656716851518e+06
2.458650677550176159e+06
2.458650698383500800e+06
2.458650719216824975e+06
2.458650740050149616e+06
2.458650760883474257e+06
2.458650781716798432e+06
2.458650802550123073e+06
2.458650823383447714e+06
2.458650844216771889e+06
2.458650865050096530e+06
2.458650885883420706e+06
2.458650906716745347e+06
2.458650927550069988e+06
2.458650948383394163e+06
2.458650969216718804e+06
2.458650990050043445e+06
2.458651010883367620e+06
2.458651031716692261e+06
2.458651052550016902e+06
2.458651073383341078e+06
2.458651094216665719e+06
2.458651115049989894e+06
2.458651135883314535e+06
2.458651156716639176e+06
2.458651177549963351e+06
2.458651198383287992e+06
2.458651219216612633e+06
2.458651240049936809e+06
2.458651260883261450e+06
2.458651281716586091e+06
2.458651302549910266e+06
2.458651323383234907e+06
2.458651344216559548e+06
2.458651365049883723e+06
2.458651385883208364e+06
2.458651406716532540e+06
2.458651427549857181e+06
2.458651448383181822e+06
2.458651469216505997e+06
2.458651490049830638e+06
2.458651510883155279e+06
2.458651531716479454e+06
2.458651552549804095e+06
2.458651573383128736e+06
2.458651594216452911e+06
2.458651615049777552e+06
2.458651635883101728e+06
2.458651656716426369e+06
2.458651677549751010e+06
2.458651698383075185e+06
2.458651719216399826e+06
2.458651740049724467e+06
2.458651760883048642e+06
2.458651781716373283e+06
2.458651802549697924e+06
2.458651823383022100e+06
2.458651844216346741e+06
2.458651865049670916e+06
2.458651885882995557e+06
2.458651906716320198e+06
2.458651927549644373e+06
2.458651948382969014e+06
2.458651969216293655e+06
2.458651990049617831e+06
2.458652010882942472e+06
2.458652031716267113e+06
2.458652052549591288e+06
2.458652073382915929e+06
2.458652094216240570e+06
2.458652115049564745e+06
2.458652135882889386e+06
2.458652156716213562e+06
2.458652177549538203e+06
2.458652198382862844e+06
2.458652219216187019e+06
2.458652240049511660e+06
2.458652260882836301e+06
2.458652281716160476e+06
2.458652302549485117e+06
2.458652323382809758e+06
2.458652344216133934e+06
2.458652365049458575e+06
2.458652385882782750e+06
2.458652406716107391e+06
2.458652427549432032e+06
2.458652448382756207e+06
2.458652469216080848e+06
2.458652490049405489e+06
2.458652510882729664e+06
2.458652531716054305e+06
2.458652552549378946e+06
2.458652573382703122e+06
2.458652594216027763e+06
2.458652615049351938e+06
2.458652635882676579e+06
2.458652656716001220e+06
2.458652677549325395e+06
2.458652698382650036e+06
2.458652719215974677e+06
2.458652740049298853e+06
2.458652760882623494e+06
2.458652781715948135e+06
2.458652802549272310e+06
2.458652823382596951e+06
2.458652844215921126e+06
2.458652865049245767e+06
