2.458596781739738770e+06
2.458596802573062945e+06
2.458596823406387586e+06
2.458596844239712227e+06
2.458596865073036402e+06
2.458596885906361043e+06
2.458596906739685684e+06
2.458596927573009860e+06
2.458596948406334501e+06
2.458596969239659142e+06
2.458596990072983317e+06
2.458597010906307958e+06
2.458597031739632133e+06
2.458597052572956774e+06
2.458597073406281415e+06
2.458597094239605591e+06
2.458597115072930232e+06
2.458597135906254873e+06
2.458597156739579048e+06
2.458597177572903689e+06
2.458597198406228330e+06
2.458597219239552505e+06
2.458597240072877146e+06
2.458597260906201787e+06
2.458597281739525963e+06
2.458597302572850604e+06
2.458597323406175245e+06
2.458597344239499420e+06
2.458597365072824061e+06
2.458597385906148702e+06
2.458597406739472877e+06
2.458597427572797518e+06
2.458597448406121694e+06
2.458597469239446335e+06
2.458597490072770976e+06
2.458597510906095151e+06
2.458597531739419792e+06
2.458597552572744433e+06
2.458597573406068608e+06
2.458597594239393249e+06
2.458597615072717890e+06
2.458597635906042065e+06
2.458597656739366706e+06
2.458597677572691347e+06
2.458597698406015523e+06
2.458597719239340164e+06
2.458597740072664805e+06
2.458597760905988980e+06
2.458597781739313621e+06
2.458597802572637796e+06
2.458597823405962437e+06
2.458597844239287078e+06
2.458597865072611254e+06
2.458597885905935895e+06
2.458597906739260536e+06
2.458597927572584711e+06
2.458597948405909352e+06
2.458597969239233993e+06
2.458597990072558168e+06
2.458598010905882809e+06
2.458598031739207450e+06
2.458598052572531626e+06
2.458598073405856267e+06
2.458598094239180908e+06
2.458598115072505083e+06
2.458598135905829724e+06
2.458598156739153899e+06
2.458598177572478540e+06
2.458598198405803181e+06
2.458598219239127357e+06
2.458598240072451998e+06
2.458598260905776639e+06
2.458598281739100814e+06
2.458598302572425455e+06
2.458598323405750096e+06
2.458598344239074271e+06
2.458598365072398912e+06
2.458598385905723553e+06
2.458598406739047728e+06
2.458598427572372369e+06
2.458598448405697010e+06
2.458598469239021186e+06
2.458598490072345827e+06
2.458598510905670002e+06
2.458598531738994643e+06
2.458598552572319284e+06
2.458598573405643459e+06
2.458598594238968100e+06
2.458598615072292741e+06
2.458598635905616917e+06
2.458598656738941558e+06
2.458598677572266199e+06
2.458598698405590374e+06
2.458598719238915015e+06
2.458598740072239656e+06
2.458598760905563831e+06
2.458598781738888472e+06
2.458598802572213113e+06
2.458598823405537289e+06
2.458598844238861930e+06
2.458598865072186105e+06
2.458598885905510746e+06
2.458598906738835387e+06
2.458598927572159562e+06
2.458598948405484203e+06
2.458598969238808844e+06
2.458598990072133020e+06
2.458599010905457661e+06
2.458599031738782302e+06
2.458599052572106477e+06
2.458599073405431118e+06
2.458599094238755759e+06
2.458599115072079934e+06
2.458599135905404575e+06
2.458599156738729216e+06
2.458599177572053391e+06
2.458599198405378032e+06
2.458599219238702208e+06
2.458599240072026849e+06
2.458599260905351490e+06
2.458599281738675665e+06
2.458599302572000306e+06
2.458599323405324947e+06
2.458599344238649122e+06
2.458599365071973763e+06
2.458599385905298404e+06
2.458599406738622580e+06
2.458599427571947221e+06
2.458599448405271862e+06
2.458599469238596037e+06
2.458599490071920678e+06
2.458599510905245319e+06
2.458599531738569494e+06
2.458599552571894135e+06
2.458599573405218311e+06
2.458599594238542952e+06
2.458599615071867593e+06
2.458599635905191768e+06
2.458599656738516409e+06
2.458599677571841050e+06
2.458599698405165225e+06
2.458599719238489866e+06
2.458599740071814507e+06
2.458599760905138683e+06
2.458599781738463324e+06
2.458599802571787965e+06
2.458599823405112140e+06
2.458599844238436781e+06
2.458599865071761422e+06
2.458599885905085597e+06
2.458599906738410238e+06
2.458599927571734414e+06
2.458599948405059054e+06
2.458599969238383695e+06
2.458599990071707871e+06
2.458600010905032512e+06
2.458600031738357153e+06
2.458600052571681328e+06
2.458600073405005969e+06
2.458600094238330610e+06
2.458600115071654785e+06
2.458600135904979426e+06
2.458600156738304067e+06
2.458600177571628243e+06
2.458600198404952884e+06
2.458600219238277525e+06
2.458600240071601700e+06
2.458600260904926341e+06
2.458600281738250516e+06
2.458600302571575157e+06
2.458600323404899798e+06
2.458600344238223974e+06
2.458600365071548615e+06
2.458600385904873256e+06
2.458600406738197431e+06
2.458600427571522072e+06
2.458600448404846713e+06
2.458600469238170888e+06
2.458600490071495529e+06
2.458600510904820170e+06
2.458600531738144346e+06
2.458600552571468987e+06
2.458600573404793628e+06
2.458600594238117803e+06
2.458600615071442444e+06
2.458600635904766619e+06
2.458600656738091260e+06
2.458600677571415901e+06
2.458600698404740077e+06
2.458600719238064718e+06
2.458600740071389358e+06
2.458600760904713534e+06
2.458600781738038175e+06
2.458600802571362816e+06
2.458600823404686991e+06
2.458600844238011632e+06
2.458600865071336273e+06
2.458600885904660448e+06
2.458600906737985089e+06
2.458600927571309730e+06
2.458600948404633906e+06
2.458600969237958547e+06
2.458600990071282722e+06
2.458601010904607363e+06
2.458601031737932004e+06
2.458601052571256179e+06
2.458601073404580820e+06
2.458601094237905461e+06
2.458601115071229637e+06
2.458601135904554278e+06
2.458601156737878919e+06
2.458601177571203094e+06
2.458601198404527735e+06
2.458601219237852376e+06
2.458601240071176551e+06
2.458601260904501192e+06
2.458601281737825833e+06
2.458601302571150009e+06
2.458601323404474650e+06
2.458601344237798825e+06
2.458601365071123466e+06
2.458601385904448107e+06
2.458601406737772282e+06
2.458601427571096923e+06
2.458601448404421564e+06
2.458601469237745740e+06
2.458601490071070381e+06
2.458601510904395021e+06
2.458601531737719197e+06
2.458601552571043838e+06
2.458601573404368479e+06
2.458601594237692654e+06
2.458601615071017295e+06
2.458601635904341936e+06
2.458601656737666111e+06
2.458601677570990752e+06
2.458601698404314928e+06
2.458601719237639569e+06
2.458601740070964210e+06
2.458601760904288385e+06
2.458601781737613026e+06
2.458601802570937667e+06
2.458601823404261842e+06
2.458601844237586483e+06
2.458601865070911124e+06
2.458601885904235300e+06
2.458601906737559941e+06
2.458601927570884582e+06
2.458601948404208757e+06
2.458601969237533398e+06
2.458601990070858039e+06
2.458602010904182214e+06
2.458602031737506855e+06
2.458602052570831031e+06
2.458602073404155672e+06
2.458602094237480313e+06
2.458602115070804488e+06
2.458602135904129129e+06
2.458602156737453770e+06
2.458602177570777945e+06
2.458602198404102586e+06
2.458602219237427227e+06
2.458602240070751403e+06
2.458602260904076044e+06
2.458602281737400685e+06
2.458602302570724860e+06
2.458602323404049501e+06
2.458602344237374142e+06
2.458602365070698317e+06
2.458602385904022958e+06
2.458602406737347133e+06
2.458602427570671774e+06
2.458602448403996415e+06
2.458602469237320591e+06
2.458602490070645232e+06
2.458602510903969873e+06
2.458602531737294048e+06
2.458602552570618689e+06
2.458602573403943330e+06
2.458602594237267505e+06
2.458602615070592146e+06
2.458602635903916787e+06
2.458602656737240963e+06
2.458602677570565604e+06
2.458602698403889779e+06
2.458602719237214420e+06
2.458602740070539061e+06
2.458602760903863236e+06
2.458602781737187877e+06
2.458602802570512518e+06
2.458602823403836694e+06
2.458602844237161335e+06
2.458602865070485976e+06
2.458602885903810151e+06
2.458602906737134792e+06
2.458602927570459433e+06
2.458602948403783608e+06
2.458602969237108249e+06
2.458602990070432890e+06
2.458603010903757066e+06
2.458603031737081707e+06
2.458603052570405882e+06
2.458603073403730523e+06
2.458603094237055164e+06
2.458603115070379339e+06
2.458603135903703980e+06
2.458603156737028621e+06
2.458603177570352796e+06
2.458603198403677437e+06
2.458603219237002078e+06
2.458603240070326254e+06
2.458603260903650895e+06
2.458603281736975536e+06
2.458603302570299711e+06
2.458603323403624352e+06
2.458603344236948993e+06
2.458603365070273168e+06
2.458603385903597809e+06
2.458603406736921985e+06
2.458603427570246626e+06
2.458603448403571267e+06
2.458603469236895442e+06
2.458603490070220083e+06
2.458603510903544724e+06
2.458603531736868899e+06
2.458603552570193540e+06
2.458603573403518181e+06
2.458603594236842357e+06
2.458603615070166998e+06
2.458603635903491639e+06
2.458603656736815814e+06
2.458603677570140455e+06
2.458603698403465096e+06
2.458603719236789271e+06
2.458603740070113912e+06
2.458603760903438088e+06
2.458603781736762729e+06
2.458603802570087370e+06
2.458603823403411545e+06
2.458603844236736186e+06
2.458603865070060827e+06
2.458603885903385002e+06
2.458603906736709643e+06
2.458603927570034284e+06
2.458603948403358459e+06
2.458603969236683100e+06
2.458603990070007741e+06
2.458604010903331917e+06
2.458604031736656558e+06
2.458604052569981199e+06
2.458604073403305374e+06
2.458604094236630015e+06
2.458604115069954190e+06
2.458604135903278831e+06
2.458604156736603472e+06
2.458604177569927648e+06
2.458604198403252289e+06
2.458604219236576930e+06
2.458604240069901105e+06
2.458604260903225746e+06
2.458604281736550387e+06
2.458604302569874562e+06
2.458604323403199203e+06
2.458604344236523844e+06
2.458604365069848020e+06
2.458604385903172661e+06
2.458604406736496836e+06
2.458604427569821477e+06
2.458604448403146118e+06
2.458604469236470293e+06
2.458604490069794934e+06
2.458604510903119575e+06
2.458604531736443751e+06
2.458604552569768392e+06
2.458604573403093033e+06
2.458604594236417208e+06
2.458604615069741849e+06
2.458604635903066490e+06
2.458604656736390665e+06
2.458604677569715306e+06
2.458604698403039947e+06
2.458604719236364122e+06
2.458604740069688763e+06
2.458604760903012939e+06
2.458604781736337580e+06
2.458604802569662221e+06
2.458604823402986396e+06
2.458604844236311037e+06
2.458604865069635678e+06
2.458604885902959853e+06
2.458604906736284494e+06
2.458604927569609135e+06
2.458604948402933311e+06
2.458604969236257952e+06
2.458604990069582593e+06
2.458605010902906768e+06
2.458605031736231409e+06
2.458605052569556050e+06
2.458605073402880225e+06
2.458605094236204866e+06
2.458605115069529042e+06
2.458605135902853683e+06
2.458605156736178324e+06
2.458605177569502499e+06
2.458605198402827140e+06
2.458605219236151781e+06
2.458605240069475956e+06
2.458605260902800597e+06
2.458605281736125238e+06
2.458605302569449414e+06
2.458605323402774055e+06
2.458605344236098696e+06
2.458605365069422871e+06
2.458605385902747512e+06
2.458605406736071687e+06
2.458605427569396328e+06
2.458605448402720969e+06
2.458605469236045144e+06
2.458605490069369785e+06
2.458605510902694426e+06
2.458605531736018602e+06
2.458605552569343243e+06
2.458605573402667884e+06
2.458605594235992059e+06
2.458605615069316700e+06
2.458605635902641341e+06
2.458605656735965516e+06
2.458605677569290157e+06
2.458605698402614798e+06
2.458605719235938974e+06
2.458605740069263615e+06
2.458605760902587790e+06
2.458605781735912431e+06
2.458605802569237072e+06
2.458605823402561247e+06
2.458605844235885888e+06
2.458605865069210529e+06
2.458605885902534705e+06
2.458605906735859346e+06
2.458605927569183987e+06
2.458605948402508162e+06
2.458605969235832803e+06
2.458605990069157444e+06
2.458606010902481619e+06
2.458606031735806260e+06
2.458606052569130901e+06
2.458606073402455077e+06
2.458606094235779718e+06
2.458606115069103893e+06
2.458606135902428534e+06
2.458606156735753175e+06
2.458606177569077350e+06
2.458606198402401991e+06
2.458606219235726632e+06
2.458606240069050808e+06
2.458606260902375448e+06
2.458606281735700089e+06
2.458606302569024265e+06
2.458606323402348906e+06
2.458606344235673547e+06
2.458606365068997722e+06
2.458606385902322363e+06
2.458606406735646538e+06
2.458606427568971179e+06
2.458606448402295820e+06
2.458606469235619996e+06
2.458606490068944637e+06
2.458606510902269278e+06
2.458606531735593453e+06
2.458606552568918094e+06
2.458606573402242735e+06
2.458606594235566910e+06
2.458606615068891551e+06
2.458606635902216192e+06
2.458606656735540368e+06
2.458606677568865009e+06
2.458606698402189650e+06
2.458606719235513825e+06
2.458606740068838466e+06
2.458606760902162641e+06
2.458606781735487282e+06
2.458606802568811923e+06
2.458606823402136099e+06
2.458606844235460740e+06
2.458606865068785381e+06
2.458606885902109556e+06
2.458606906735434197e+06
2.458606927568758838e+06
2.458606948402083013e+06
2.458606969235407654e+06
2.458606990068732295e+06
2.458607010902056471e+06
2.458607031735381112e+06
2.458607052568705287e+06
2.458607073402029928e+06
2.458607094235354569e+06
2.458607115068678744e+06
2.458607135902003385e+06
2.458607156735328026e+06
2.458607177568652201e+06
2.458607198401976842e+06
2.458607219235301483e+06
2.458607240068625659e+06
2.458607260901950300e+06
2.458607281735274941e+06
2.458607302568599116e+06
2.458607323401923757e+06
2.458607344235248398e+06
2.458607365068572573e+06
2.458607385901897214e+06
2.458607406735221390e+06
2.458607427568546031e+06
2.458607448401870672e+06
2.458607469235194847e+06
2.458607490068519488e+06
2.458607510901844129e+06
2.458607531735168304e+06
2.458607552568492945e+06
2.458607573401817586e+06
2.458607594235141762e+06
2.458607615068466403e+06
2.458607635901791044e+06
2.458607656735115219e+06
2.458607677568439860e+06
2.458607698401764035e+06
2.458607719235088676e+06
2.458607740068413317e+06
2.458607760901737493e+06
2.458607781735062134e+06
2.458607802568386775e+06
2.458607823401710950e+06
2.458607844235035591e+06
2.458607865068360232e+06
2.458607885901684407e+06
2.458607906735009048e+06
2.458607927568333689e+06
2.458607948401657864e+06
2.458607969234982505e+06
2.458607990068307146e+06
2.458608010901631322e+06
2.458608031734955963e+06
2.458608052568280138e+06
2.458608073401604779e+06
2.458608094234929420e+06
2.458608115068253595e+06
2.458608135901578236e+06
2.458608156734902877e+06
2.458608177568227053e+06
2.458608198401551694e+06
2.458608219234876335e+06
2.458608240068200510e+06
2.458608260901525151e+06
2.458608281734849792e+06
2.458608302568173967e+06
2.458608323401498608e+06
2.458608344234823249e+06
2.458608365068147425e+06
2.458608385901472066e+06
2.458608406734796241e+06
2.458608427568120882e+06
2.458608448401445523e+06
2.458608469234769698e+06
2.458608490068094339e+06
2.458608510901418980e+06
2.458608531734743156e+06
2.458608552568067797e+06
2.458608573401392438e+06
2.458608594234716613e+06
2.458608615068041254e+06
2.458608635901365895e+06
2.458608656734690070e+06
2.458608677568014711e+06
2.458608698401338886e+06
2.458608719234663527e+06
2.458608740067988168e+06
2.458608760901312344e+06
2.458608781734636985e+06
2.458608802567961626e+06
2.458608823401285801e+06
2.458608844234610442e+06
2.458608865067935083e+06
2.458608885901259258e+06
2.458608906734583899e+06
2.458608927567908540e+06
2.458608948401232716e+06
2.458608969234557357e+06
2.458608990067881532e+06
2.458609010901206173e+06
2.458609031734530814e+06
2.458609052567854989e+06
2.458609073401179630e+06
2.458609094234504271e+06
2.458609115067828447e+06
2.458609135901153088e+06
2.458609156734477729e+06
2.458609177567801904e+06
2.458609198401126545e+06
2.458609219234451186e+06
2.458609240067775361e+06
2.458609260901100002e+06
2.458609281734424643e+06
2.458609302567748819e+06
2.458609323401073460e+06
2.458609344234397635e+06
2.458609365067722276e+06
2.458609385901046917e+06
2.458609406734371092e+06
2.458609427567695733e+06
2.458609448401020374e+06
2.458609469234344549e+06
2.458609490067669190e+06
2.458609510900993831e+06
2.458609531734318007e+06
2.458609552567642648e+06
2.458609573400967289e+06
2.458609594234291464e+06
2.458609615067616105e+06
2.458609635900940280e+06
2.458609656734264921e+06
2.458609677567589562e+06
2.458610802567111328e+06
2.458610823400435504e+06
2.458610844233760145e+06
2.458610865067084786e+06
2.458610885900408961e+06
2.458610906733733602e+06
2.458610927567057777e+06
2.458610948400382418e+06
2.458610969233707059e+06
2.458610990067031235e+06
2.458611010900355875e+06
2.458611031733680516e+06
2.458611052567004692e+06
2.458611073400329333e+06
2.458611094233653974e+06
2.458611115066978149e+06
2.458611135900302790e+06
2.458611156733627431e+06
2.458611177566951606e+06
2.458611198400276247e+06
2.458611219233600423e+06
2.458611240066925064e+06
2.458611260900249705e+06
2.458611281733573880e+06
2.458611302566898521e+06
2.458611323400223162e+06
2.458611344233547337e+06
2.458611365066871978e+06
2.458611385900196619e+06
2.458611406733520795e+06
2.458611427566845436e+06
2.458611448400170077e+06
2.458611469233494252e+06
2.458611490066818893e+06
2.458611510900143534e+06
2.458611531733467709e+06
2.458611552566792350e+06
2.458611573400116526e+06
2.458611594233441167e+06
2.458611615066765808e+06
2.458611635900089983e+06
2.458611656733414624e+06
2.458611677566739265e+06
2.458611698400063440e+06
2.458611719233388081e+06
2.458611740066712722e+06
2.458611760900036898e+06
2.458611781733361538e+06
2.458611802566686179e+06
2.458611823400010355e+06
2.458611844233334996e+06
2.458611865066659171e+06
2.458611885899983812e+06
2.458611906733308453e+06
2.458611927566632628e+06
2.458611948399957269e+06
2.458611969233281910e+06
2.458611990066606086e+06
2.458612010899930727e+06
2.458612031733255368e+06
2.458612052566579543e+06
2.458612073399904184e+06
2.458612094233228825e+06
2.458612115066553000e+06
2.458612135899877641e+06
2.458612156733201817e+06
2.458612177566526458e+06
2.458612198399851099e+06
2.458612219233175274e+06
2.458612240066499915e+06
2.458612260899824556e+06
2.458612281733148731e+06
2.458612302566473372e+06
2.458612323399798013e+06
2.458612344233122189e+06
2.458612365066446830e+06
2.458612385899771471e+06
2.458612406733095646e+06
2.458612427566420287e+06
2.458612448399744928e+06
2.458612469233069103e+06
2.458612490066393744e+06
2.458612510899717920e+06
2.458612531733042561e+06
2.458612552566367202e+06
2.458612573399691377e+06
2.458612594233016018e+06
2.458612615066340659e+06
2.458612635899664834e+06
2.458612656732989475e+06
2.458612677566314116e+06
2.458612698399638291e+06
2.458612719232962932e+06
2.458612740066287573e+06
2.458612760899611749e+06
2.458612781732936390e+06
2.458612802566260565e+06
2.458612823399585206e+06
2.458612844232909847e+06
2.458612865066234022e+06
2.458612885899558663e+06
2.458612906732883304e+06
2.458612927566207480e+06
2.458612948399532121e+06
2.458612969232856762e+06
2.458612990066180937e+06
2.458613010899505578e+06
2.458613031732830219e+06
2.458613052566154394e+06
2.458613073399479035e+06
2.458613094232803211e+06
2.458613115066127852e+06
2.458613135899452493e+06
2.458613156732776668e+06
2.458613177566101309e+06
2.458613198399425950e+06
2.458613219232750125e+06
2.458613240066074766e+06
2.458613260899399407e+06
2.458613281732723583e+06
2.458613302566048224e+06
2.458613323399372865e+06
2.458613344232697040e+06
2.458613365066021681e+06
2.458613385899346322e+06
2.458613406732670497e+06
2.458613427565995138e+06
2.458613448399319313e+06
2.458613469232643954e+06
2.458613490065968595e+06
2.458613510899292771e+06
2.458613531732617412e+06
2.458613552565942053e+06
2.458613573399266228e+06
2.458613594232590869e+06
2.458613615065915510e+06
2.458613635899239685e+06
2.458613656732564326e+06
2.458613677565888967e+06
2.458613698399213143e+06
2.458613719232537784e+06
2.458613740065861959e+06
2.458613760899186600e+06
2.458613781732511241e+06
2.458613802565835416e+06
2.458613823399160057e+06
2.458613844232484698e+06
2.458613865065808874e+06
2.458613885899133515e+06
2.458613906732458156e+06
2.458613927565782331e+06
2.458613948399106972e+06
2.458613969232431613e+06
2.458613990065755788e+06
2.458614010899080429e+06
2.458614031732404605e+06
2.458614052565729246e+06
2.458614073399053887e+06
2.458614094232378062e+06
2.458614115065702703e+06
2.458614135899027344e+06
2.458614156732351519e+06
2.458614177565676160e+06
2.458614198399000801e+06
2.458614219232324976e+06
2.458614240065649617e+06
2.458614260898974258e+06
2.458614281732298434e+06
2.458614302565623075e+06
2.458614323398947250e+06
2.458614344232271891e+06
2.458614365065596532e+06
2.458614385898920707e+06
2.458614406732245348e+06
2.458614427565569989e+06
2.458614448398894165e+06
2.458614469232218806e+06
2.458614490065543447e+06
2.458614510898867622e+06
2.458614531732192263e+06
2.458614552565516904e+06
2.458614573398841079e+06
2.458614594232165720e+06
2.458614615065489896e+06
2.458614635898814537e+06
2.458614656732139178e+06
2.458614677565463353e+06
2.458614698398787994e+06
2.458614719232112635e+06
2.458614740065436810e+06
2.458614760898761451e+06
2.458614781732086092e+06
2.458614802565410268e+06
2.458614823398734909e+06
2.458614844232059550e+06
2.458614865065383725e+06
2.458614885898708366e+06
2.458614906732033007e+06
2.458614927565357182e+06
2.458614948398681823e+06
2.458614969232005998e+06
2.458614990065330639e+06
2.458615010898655280e+06
2.458615031731979456e+06
2.458615052565304097e+06
2.458615073398628738e+06
2.458615094231952913e+06
2.458615115065277554e+06
2.458615135898602195e+06
2.458615156731926370e+06
2.458615177565251011e+06
2.458615198398575652e+06
2.458615219231899828e+06
2.458615240065224469e+06
2.458615260898548644e+06
2.458615281731873285e+06
2.458615302565197926e+06
2.458615323398522101e+06
2.458615344231846742e+06
2.458615365065171383e+06
2.458615385898495559e+06
2.458615406731820200e+06
2.458615427565144841e+06
2.458615448398469016e+06
2.458615469231793657e+06
2.458615490065118298e+06
2.458615510898442473e+06
2.458615531731767114e+06
2.458615552565091290e+06
2.458615573398415931e+06
2.458615594231740572e+06
2.458615615065064747e+06
2.458615635898389388e+06
2.458615656731714029e+06
2.458615677565038204e+06
2.458615698398362845e+06
2.458615719231687486e+06
2.458615740065011661e+06
2.458615760898336302e+06
2.458615781731660943e+06
2.458615802564985119e+06
2.458615823398309760e+06
2.458615844231633935e+06
2.458615865064958576e+06
2.458615885898283217e+06
2.458615906731607392e+06
2.458615927564932033e+06
2.458615948398256674e+06
2.458615969231580850e+06
2.458615990064905491e+06
2.458616010898230132e+06
2.458616031731554307e+06
2.458616052564878948e+06
2.458616073398203589e+06
2.458616094231527764e+06
2.458616115064852405e+06
2.458616135898176581e+06
2.458616156731501222e+06
2.458616177564825863e+06
2.458616198398150038e+06
2.458616219231474679e+06
2.458616240064799320e+06
2.458616260898123495e+06
2.458616281731448136e+06
2.458616302564772777e+06
2.458616323398096953e+06
2.458616344231421594e+06
2.458616365064746235e+06
2.458616385898070410e+06
2.458616406731395051e+06
2.458616427564719226e+06
2.458616448398043867e+06
2.458616469231368508e+06
2.458616490064692684e+06
2.458616510898017325e+06
2.458616531731341965e+06
2.458616552564666141e+06
2.458616573397990782e+06
2.458616594231315423e+06
2.458616615064639598e+06
2.458616635897964239e+06
2.458616656731288880e+06
2.458616677564613055e+06
2.458616698397937696e+06
2.458616719231262337e+06
2.458616740064586513e+06
2.458616760897911154e+06
2.458616781731235329e+06
2.458616802564559970e+06
2.458616823397884611e+06
2.458616844231208786e+06
2.458616865064533427e+06
2.458616885897858068e+06
2.458616906731182244e+06
2.458616927564506885e+06
2.458616948397831526e+06
2.458616969231155701e+06
2.458616990064480342e+06
2.458617010897804983e+06
2.458617031731129158e+06
2.458617052564453799e+06
2.458617073397777975e+06
2.458617094231102616e+06
2.458617115064427257e+06
2.458617135897751432e+06
2.458617156731076073e+06
2.458617177564400714e+06
2.458617198397724889e+06
2.458617219231049530e+06
2.458617240064374171e+06
2.458617260897698347e+06
2.458617281731022988e+06
2.458617302564347629e+06
2.458617323397671804e+06
2.458617344230996445e+06
2.458617365064320620e+06
2.458617385897645261e+06
2.458617406730969902e+06
2.458617427564294077e+06
2.458617448397618718e+06
2.458617469230943359e+06
2.458617490064267535e+06
2.458617510897592176e+06
2.458617531730916817e+06
2.458617552564240992e+06
2.458617573397565633e+06
2.458617594230890274e+06
2.458617615064214449e+06
2.458617635897539090e+06
2.458617656730863266e+06
2.458617677564187907e+06
2.458617698397512548e+06
2.458617719230836723e+06
2.458617740064161364e+06
2.458617760897486005e+06
2.458617781730810180e+06
2.458617802564134821e+06
2.458617823397459462e+06
2.458617844230783638e+06
2.458617865064108279e+06
2.458617885897432920e+06
2.458617906730757095e+06
2.458617927564081736e+06
2.458617948397405911e+06
2.458617969230730552e+06
2.458617990064055193e+06
2.458618010897379369e+06
2.458618031730704010e+06
2.458618052564028651e+06
2.458618073397352826e+06
2.458618094230677467e+06
2.458618115064002108e+06
2.458618135897326283e+06
2.458618156730650924e+06
2.458618177563975565e+06
2.458618198397299740e+06
2.458618219230624381e+06
2.458618240063948557e+06
2.458618260897273198e+06
2.458618281730597839e+06
2.458618302563922014e+06
2.458618323397246655e+06
2.458618344230571296e+06
2.458618365063895471e+06
2.458618385897220112e+06
2.458618406730544753e+06
2.458618427563868929e+06
2.458618448397193570e+06
2.458618469230518211e+06
2.458618490063842386e+06
2.458618510897167027e+06
2.458618531730491202e+06
2.458618552563815843e+06
2.458618573397140484e+06
2.458618594230464660e+06
2.458618615063789301e+06
2.458618635897113942e+06
2.458618656730438117e+06
2.458618677563762758e+06
2.458618698397087399e+06
2.458618719230411574e+06
2.458618740063736215e+06
2.458618760897060856e+06
2.458618781730385032e+06
2.458618802563709673e+06
2.458618823397033848e+06
2.458618844230358489e+06
2.458618865063683130e+06
2.458618885897007305e+06
2.458618906730331946e+06
2.458618927563656587e+06
2.458618948396980762e+06
2.458618969230305403e+06
2.458618990063630044e+06
2.458619010896954220e+06
2.458619031730278861e+06
2.458619052563603502e+06
2.458619073396927677e+06
2.458619094230252318e+06
2.458619115063576493e+06
2.458619135896901134e+06
2.458619156730225775e+06
2.458619177563549951e+06
2.458619198396874592e+06
2.458619219230199233e+06
2.458619240063523408e+06
2.458619260896848049e+06
2.458619281730172690e+06
2.458619302563496865e+06
2.458619323396821506e+06
2.458619344230146147e+06
2.458619365063470323e+06
2.458619385896794964e+06
2.458619406730119139e+06
2.458619427563443780e+06
2.458619448396768421e+06
2.458619469230092596e+06
2.458619490063417237e+06
2.458619510896741878e+06
2.458619531730066054e+06
2.458619552563390695e+06
2.458619573396715336e+06
2.458619594230039511e+06
2.458619615063364152e+06
2.458619635896688793e+06
2.458619656730012968e+06
2.458619677563337609e+06
2.458619698396661784e+06
2.458619719229986425e+06
2.458619740063311066e+06
2.458619760896635242e+06
2.458619781729959883e+06
2.458619802563284524e+06
2.458619823396608699e+06
2.458619844229933340e+06
2.458619865063257981e+06
2.458619885896582156e+06
2.458619906729906797e+06
2.458619927563231438e+06
2.458619948396555614e+06
2.458619969229880255e+06
2.458619990063204430e+06
2.458620010896529071e+06
2.458620031729853712e+06
2.458620052563177887e+06
2.458620073396502528e+06
2.458620094229827169e+06
2.458620115063151345e+06
2.458620135896475986e+06
2.458620156729800627e+06
2.458620177563124802e+06
2.458620198396449443e+06
2.458620219229774084e+06
2.458620240063098259e+06
2.458620260896422900e+06
2.458620281729747076e+06
2.458620302563071717e+06
2.458620323396396358e+06
2.458620344229720533e+06
2.458620365063045174e+06
2.458620385896369815e+06
2.458620406729693990e+06
2.458620427563018631e+06
2.458620448396343272e+06
2.458620469229667448e+06
2.458620490062992088e+06
2.458620510896316729e+06
2.458620531729640905e+06
2.458620552562965546e+06
2.458620573396289721e+06
2.458620594229614362e+06
2.458620615062939003e+06
2.458620635896263178e+06
2.458620656729587819e+06
2.458620677562912460e+06
2.458620698396236636e+06
2.458620719229561277e+06
2.458620740062885918e+06
2.458620760896210093e+06
2.458620781729534734e+06
2.458620802562859375e+06
2.458620823396183550e+06
2.458620844229508191e+06
2.458620865062832367e+06
2.458620885896157008e+06
2.458620906729481649e+06
2.458620927562805824e+06
2.458620948396130465e+06
2.458620969229455106e+06
2.458620990062779281e+06
2.458621010896103922e+06
2.458621031729428563e+06
2.458621052562752739e+06
2.458621073396077380e+06
2.458621094229402021e+06
2.458621115062726196e+06
2.458621135896050837e+06
2.458621156729375012e+06
2.458621177562699653e+06
2.458621198396024294e+06
2.458621219229348470e+06
2.458621240062673111e+06
2.458621260895997752e+06
2.458621281729321927e+06
2.458621302562646568e+06
2.458621323395971209e+06
2.458621344229295384e+06
2.458621365062620025e+06
2.458621385895944666e+06
2.458621406729268841e+06
2.458621427562593482e+06
2.458621448395917658e+06
2.458621469229242299e+06
2.458621490062566940e+06
2.458621510895891115e+06
2.458621531729215756e+06
2.458621552562540397e+06
2.458621573395864572e+06
2.458621594229189213e+06
2.458621615062513854e+06
2.458621635895838030e+06
2.458621656729162671e+06
2.458621677562487312e+06
2.458621698395811487e+06
2.458621719229136128e+06
2.458621740062460303e+06
2.458621760895784944e+06
2.458621781729109585e+06
2.458621802562433761e+06
2.458621823395758402e+06
2.458621844229083043e+06
2.458621865062407218e+06
2.458621885895731859e+06
2.458621906729056500e+06
2.458621927562380675e+06
2.458621948395705316e+06
2.458621969229029957e+06
2.458621990062354133e+06
2.458622010895678774e+06
2.458622031729002949e+06
2.458622052562327590e+06
2.458622073395652231e+06
2.458622094228976406e+06
2.458622115062301047e+06
2.458622135895625688e+06
2.458622156728949863e+06
2.458622177562274504e+06
2.458622198395599145e+06
2.458622219228923321e+06
2.458622240062247962e+06
2.458622260895572603e+06
2.458622281728896778e+06
2.458622302562221419e+06
2.458622323395545594e+06
2.458622344228870235e+06
2.458622365062194876e+06
2.458622385895519052e+06
2.458622406728843693e+06
2.458622427562168334e+06
2.458622448395492509e+06
2.458622469228817150e+06
2.458622490062141791e+06
2.458622510895465966e+06
2.458622531728790607e+06
2.458622552562115248e+06
2.458622573395439424e+06
2.458622594228764065e+06
2.458622615062088240e+06
2.458622635895412881e+06
2.458622656728737522e+06
2.458622677562061697e+06
2.458622698395386338e+06
2.458622719228710979e+06
2.458622740062035155e+06
2.458622760895359796e+06
2.458622781728684437e+06
2.458622802562008612e+06
2.458622823395333253e+06
2.458622844228657894e+06
2.458622865061982069e+06
2.458622885895306710e+06
2.458622906728630885e+06
2.458622927561955526e+06
2.458622948395280167e+06
2.458622969228604343e+06
2.458622990061928984e+06
2.458623010895253625e+06
2.458623031728577800e+06
2.458623052561902441e+06
2.458623073395227082e+06
2.458623094228551257e+06
2.458623115061875898e+06
2.458623135895200539e+06
2.458623156728524715e+06
2.458623177561849356e+06
2.458623198395173531e+06
2.458623219228498172e+06
2.458623240061822813e+06
2.458623260895146988e+06
2.458623281728471629e+06
2.458623302561796270e+06
2.458623323395120446e+06
2.458623344228445087e+06
2.458623365061769728e+06
2.458623385895093903e+06
2.458623406728418544e+06
2.458623427561743185e+06
2.458623448395067360e+06
2.458623469228392001e+06
2.458623490061716177e+06
2.458623510895040818e+06
2.458623531728365459e+06
2.458623552561689634e+06
2.458623573395014275e+06
2.458623594228338916e+06
2.458623615061663091e+06
2.458623635894987732e+06
2.458623656728312373e+06
2.458623677561636548e+06
2.458623698394961189e+06
2.458623719228285365e+06
2.458623740061610006e+06
2.458623760894934647e+06
2.458623781728258822e+06
2.458623802561583463e+06
2.458623823394908104e+06
2.458623844228232279e+06
2.458623865061556920e+06
