2.458354115172539372e+06
2.458354136005867738e+06
2.458354156839195639e+06
2.458354177672524005e+06
2.458354198505852371e+06
2.458354219339180272e+06
2.458354240172508638e+06
2.458354261005837005e+06
2.458354281839164905e+06
2.458354302672493272e+06
2.458354323505821638e+06
2.458354344339150004e+06
2.458354365172477905e+06
2.458354386005806271e+06
2.458354406839134637e+06
2.458354427672462538e+06
2.458354448505790904e+06
2.458354469339119270e+06
2.458354490172447171e+06
2.458354511005775537e+06
2.458354531839103904e+06
2.458354552672431804e+06
2.458354573505760171e+06
2.458354594339088537e+06
2.458354615172416903e+06
2.458354636005744804e+06
2.458354656839073170e+06
2.458354677672401536e+06
2.458354698505729437e+06
2.458354719339057803e+06
2.458354761005714070e+06
2.458354781839042436e+06
2.458354802672370803e+06
2.458354823505699169e+06
2.458354844339027070e+06
2.458354865172355436e+06
2.458354886005683802e+06
2.458354906839011703e+06
2.458354927672340069e+06
2.458354948505668435e+06
2.458354969338996336e+06
2.458354990172324702e+06
2.458355011005653068e+06
2.458355031838980969e+06
2.458355052672309335e+06
2.458355073505637702e+06
2.458355094338966068e+06
2.458355115172293968e+06
2.458355136005622335e+06
2.458355156838950701e+06
2.458355177672278602e+06
2.458355198505606968e+06
2.458355219338935334e+06
2.458355240172263235e+06
2.458355261005591601e+06
2.458355281838919967e+06
2.458355302672248334e+06
2.458355323505576234e+06
2.458355344338904601e+06
2.458355365172232967e+06
2.458355386005560867e+06
2.458355406838889234e+06
2.458355427672217600e+06
2.458355448505545501e+06
2.458355469338873867e+06
2.458355490172202233e+06
2.458355511005530134e+06
2.458355531838858500e+06
2.458355552672186866e+06
2.458355573505515233e+06
2.458355594338843133e+06
2.458355615172171500e+06
2.458355636005499866e+06
2.458355656838827766e+06
2.458355677672156133e+06
2.458355698505484499e+06
2.458355719338812400e+06
2.458355740172140766e+06
2.458355761005469132e+06
2.458355781838797498e+06
2.458355802672125399e+06
2.458355823505453765e+06
2.458355844338782132e+06
2.458355865172110032e+06
2.458355886005438399e+06
2.458355906838766765e+06
2.458355927672094665e+06
2.458355948505423032e+06
2.458355969338751398e+06
2.458355990172079299e+06
2.458356011005407665e+06
2.458356031838736031e+06
2.458356052672064397e+06
2.458356073505392298e+06
2.458356094338720664e+06
2.458356115172049031e+06
2.458356136005376931e+06
2.458356156838705298e+06
2.458356177672033664e+06
2.458356198505361564e+06
2.458356219338689931e+06
2.458356240172018297e+06
2.458356261005346663e+06
2.458356281838674564e+06
2.458356302672002930e+06
2.458356323505331296e+06
2.458356344338659197e+06
2.458356365171987563e+06
2.458356386005315930e+06
2.458356406838643830e+06
2.458356427671972197e+06
2.458356448505300563e+06
2.458356469338628463e+06
2.458356490171956830e+06
2.458356511005285196e+06
2.458356531838613562e+06
2.458356552671941463e+06
2.458356573505269829e+06
2.458356594338598195e+06
2.458356615171926096e+06
2.458356636005254462e+06
2.458356656838582829e+06
2.458356677671910729e+06
2.458356698505239096e+06
2.458356719338567462e+06
2.458356740171895828e+06
2.458356761005223729e+06
2.458356781838552095e+06
2.458356802671880461e+06
2.458356823505208362e+06
2.458356844338536728e+06
2.458356865171865094e+06
2.458356886005192995e+06
2.458356906838521361e+06
2.458356927671849728e+06
2.458356948505178094e+06
2.458356969338505995e+06
2.458356990171834361e+06
2.458357011005162727e+06
2.458357031838490628e+06
2.458357052671818994e+06
2.458357073505147360e+06
2.458357094338475261e+06
2.458357115171803627e+06
2.458357136005131993e+06
2.458357156838459894e+06
2.458357177671788260e+06
2.458357198505116627e+06
2.458357219338444993e+06
2.458357240171772894e+06
2.458357261005101260e+06
2.458357281838429626e+06
2.458357302671757527e+06
2.458357323505085893e+06
2.458357344338414259e+06
2.458357365171742160e+06
2.458357386005070526e+06
2.458357406838398892e+06
2.458357427671727259e+06
2.458357448505055159e+06
2.458357469338383526e+06
2.458357490171711892e+06
2.458357511005039793e+06
2.458357531838368159e+06
2.458357552671696525e+06
2.458357573505024426e+06
2.458357594338352792e+06
2.458357615171681158e+06
2.458357636005009059e+06
2.458357656838337425e+06
2.458357677671665791e+06
2.458357698504994158e+06
2.458357719338322058e+06
2.458357740171650425e+06
2.458357761004978791e+06
2.458357781838306691e+06
2.458357802671635058e+06
2.458357823504963424e+06
2.458357844338291325e+06
2.458357865171619691e+06
2.458357886004948057e+06
2.458357906838276424e+06
2.458357927671604324e+06
2.458357948504932690e+06
2.458357969338261057e+06
2.458357990171588957e+06
2.458358011004917324e+06
2.458358031838245690e+06
2.458358052671573590e+06
2.458358073504901957e+06
2.458358094338230323e+06
2.458358115171558689e+06
2.458358136004886590e+06
2.458358156838214956e+06
2.458358177671543323e+06
2.458358198504871223e+06
2.458358219338199589e+06
2.458358240171527956e+06
2.458358261004855856e+06
2.458358281838184223e+06
2.458358302671512589e+06
2.458358323504840489e+06
2.458358344338168856e+06
2.458358365171497222e+06
2.458358386004825588e+06
2.458358406838153489e+06
2.458358427671481855e+06
2.458358448504810221e+06
2.458358469338138122e+06
2.458358490171466488e+06
2.458358511004794855e+06
2.458358531838122755e+06
2.458358552671451122e+06
2.458358573504779488e+06
2.458358594338107854e+06
2.458358615171435755e+06
2.458358636004764121e+06
2.458358656838092487e+06
2.458358677671420388e+06
2.458358698504748754e+06
2.458358719338077120e+06
2.458358740171405021e+06
2.458358761004733387e+06
2.458358781838061754e+06
2.458358802671389654e+06
2.458358823504718021e+06
2.458358844338046387e+06
2.458358865171374753e+06
2.458358886004702654e+06
2.458358906838031020e+06
2.458358927671359386e+06
2.458358948504687287e+06
2.458358969338015653e+06
2.458358990171344019e+06
2.458359011004671920e+06
2.458359031838000286e+06
2.458359052671328653e+06
2.458359073504657019e+06
2.458359094337984920e+06
2.458359115171313286e+06
2.458359136004641652e+06
2.458359156837969553e+06
2.458359177671297919e+06
2.458359198504626285e+06
2.458359219337954186e+06
2.458359240171282552e+06
2.458359261004610918e+06
2.458359281837939285e+06
2.458359302671267185e+06
2.458359323504595552e+06
2.458359344337923918e+06
2.458359365171251819e+06
2.458359386004580185e+06
2.458359406837908551e+06
2.458359427671236452e+06
2.458359448504564818e+06
2.458359469337893184e+06
2.458359490171221085e+06
2.458359511004549451e+06
2.458359531837877817e+06
2.458359552671206184e+06
2.458359573504534084e+06
2.458359594337862451e+06
2.458359615171190817e+06
2.458359636004518718e+06
2.458359656837847084e+06
2.458359677671175450e+06
2.458359698504503351e+06
2.458359719337831717e+06
2.458359740171160083e+06
2.458359761004488450e+06
2.458359781837816350e+06
2.458359802671144716e+06
2.458359823504473083e+06
2.458359844337800983e+06
2.458359865171129350e+06
2.458359886004457716e+06
2.458359906837785617e+06
2.458359927671113983e+06
2.458359948504442349e+06
2.458359969337770715e+06
2.458359990171098616e+06
2.458360011004426982e+06
2.458360031837755349e+06
2.458360052671083249e+06
2.458360073504411615e+06
2.458360094337739982e+06
2.458360115171067882e+06
2.458360136004396249e+06
2.458360156837724615e+06
2.458360177671052516e+06
2.458360198504380882e+06
2.458360219337709248e+06
2.458360240171037614e+06
2.458360261004365515e+06
2.458360281837693881e+06
2.458360302671022248e+06
2.458360323504350148e+06
2.458360344337678514e+06
2.458360365171006881e+06
2.458360386004334781e+06
2.458360406837663148e+06
2.458360427670991514e+06
2.458360448504319880e+06
2.458360469337647781e+06
2.458360490170976147e+06
2.458360511004304513e+06
2.458360531837632414e+06
2.458360552670960780e+06
2.458360573504289147e+06
2.458360594337617047e+06
2.458360615170945413e+06
2.458360636004273780e+06
2.458360656837602146e+06
2.458360677670930047e+06
2.458360698504258413e+06
2.458360719337586779e+06
2.458360740170914680e+06
2.458360761004243046e+06
2.458360781837571412e+06
2.458360802670899313e+06
2.458360823504227679e+06
2.458360844337556046e+06
2.458360865170883946e+06
2.458360886004212312e+06
2.458360906837540679e+06
2.458360927670869045e+06
2.458360948504196946e+06
2.458360969337525312e+06
2.458360990170853678e+06
2.458361011004181579e+06
2.458361031837509945e+06
2.458361052670838311e+06
2.458361073504166212e+06
2.458361094337494578e+06
2.458361115170822944e+06
2.458361136004151311e+06
2.458361156837479211e+06
2.458361177670807578e+06
2.458361198504135944e+06
2.458361219337463845e+06
2.458361240170792211e+06
2.458361261004120577e+06
2.458361281837448478e+06
2.458361302670776844e+06
2.458361323504105210e+06
2.458361344337433577e+06
2.458361365170761477e+06
2.458361386004089843e+06
2.458361406837418210e+06
2.458361427670746110e+06
2.458361448504074477e+06
2.458361469337402843e+06
2.458361490170730744e+06
2.458361511004059110e+06
2.458361531837387476e+06
2.458361552670715377e+06
2.458361573504043743e+06
2.458361594337372109e+06
2.458361615170700476e+06
2.458361636004028376e+06
2.458361656837356742e+06
2.458361677670685109e+06
2.458361698504013009e+06
2.458361719337341376e+06
2.458361740170669742e+06
2.458361761003997643e+06
2.458361781837326009e+06
2.458361802670654375e+06
2.458361823503982741e+06
2.458361844337310642e+06
2.458361865170639008e+06
2.458361886003967375e+06
2.458361906837295275e+06
2.458361927670623641e+06
2.458361948503952008e+06
2.458361969337279908e+06
2.458361990170608275e+06
2.458362011003936641e+06
2.458362031837265007e+06
2.458362052670592908e+06
2.458362073503921274e+06
2.458362094337249640e+06
2.458362115170577541e+06
2.458362136003905907e+06
2.458362156837234274e+06
2.458362177670562174e+06
2.458362198503890540e+06
2.458362219337218907e+06
2.458362240170546807e+06
2.458362261003875174e+06
2.458362281837203540e+06
2.458362302670531906e+06
2.458362323503859807e+06
2.458362344337188173e+06
2.458362365170516539e+06
2.458362386003844440e+06
2.458362406837172806e+06
2.458362427670501173e+06
2.458362448503829073e+06
2.458362469337157439e+06
2.458362490170485806e+06
2.458362511003814172e+06
2.458362531837142073e+06
2.458362552670470439e+06
2.458362573503798805e+06
2.458362594337126706e+06
2.458362615170455072e+06
2.458362636003783438e+06
2.458362656837111339e+06
2.458362677670439705e+06
2.458362698503768072e+06
2.458362719337096438e+06
2.458362740170424338e+06
2.458362761003752705e+06
2.458362781837081071e+06
2.458362802670408972e+06
2.458362823503737338e+06
2.458362844337065704e+06
2.458362865170393605e+06
2.458362886003721971e+06
2.458362906837050337e+06
2.458362927670378704e+06
2.458362948503706604e+06
2.458362969337034971e+06
2.458362990170363337e+06
2.458363011003691237e+06
2.458363031837019604e+06
2.458363052670347970e+06
2.458363073503675871e+06
2.458363094337004237e+06
2.458363115170332603e+06
2.458363136003660504e+06
2.458363156836988870e+06
2.458363177670317236e+06
2.458363198503645603e+06
2.458363219336973503e+06
2.458363240170301870e+06
2.458363261003630236e+06
2.458363281836958136e+06
2.458363302670286503e+06
2.458363323503614869e+06
2.458363344336942770e+06
2.458363365170271136e+06
2.458363386003599502e+06
2.458363406836927868e+06
2.458363427670255769e+06
2.458363448503584135e+06
2.458363469336912502e+06
2.458363490170240402e+06
2.458363511003568769e+06
2.458363531836897135e+06
2.458363552670225035e+06
2.458363573503553402e+06
2.458363594336881768e+06
2.458363615170210134e+06
2.458363636003538035e+06
2.458363656836866401e+06
2.458363677670194767e+06
2.458363698503522668e+06
2.458363719336851034e+06
2.458363740170179401e+06
2.458363761003507301e+06
2.458363781836835667e+06
2.458363802670164034e+06
2.458363823503492400e+06
2.458363844336820301e+06
2.458363865170148667e+06
2.458363886003477033e+06
2.458363906836804934e+06
2.458363927670133300e+06
2.458363948503461666e+06
2.458363969336789567e+06
2.458363990170117933e+06
2.458364011003446300e+06
2.458364031836774200e+06
2.458364052670102566e+06
2.458364073503430933e+06
2.458364094336759299e+06
2.458364115170087200e+06
2.458364136003415566e+06
2.458364156836743932e+06
2.458364177670071833e+06
2.458364198503400199e+06
2.458364219336728565e+06
2.458364240170056466e+06
2.458364261003384832e+06
2.458364281836713199e+06
2.458364302670041565e+06
2.458364323503369465e+06
2.458364344336697832e+06
2.458364365170026198e+06
2.458364386003354099e+06
2.458364406836682465e+06
2.458364427670010831e+06
2.458364448503338732e+06
2.458364469336667098e+06
2.458364490169995464e+06
2.458364511003323831e+06
2.458364531836651731e+06
2.458364552669980098e+06
2.458364573503308464e+06
2.458364594336636364e+06
2.458364615169964731e+06
2.458364636003293097e+06
2.458364656836620998e+06
2.458364677669949364e+06
2.458364698503277730e+06
2.458364719336606096e+06
2.458364740169933997e+06
2.458364761003262363e+06
2.458364781836590730e+06
2.458364802669918630e+06
2.458364823503246997e+06
2.458364844336575363e+06
2.458364865169903263e+06
2.458364886003231630e+06
2.458364906836559996e+06
2.458364927669887897e+06
2.458364948503216263e+06
2.458364969336544629e+06
2.458364990169872995e+06
2.458365011003200896e+06
2.458365031836529262e+06
2.458365052669857629e+06
2.458365073503185529e+06
2.458365094336513896e+06
2.458365115169842262e+06
2.458365136003170162e+06
2.458365156836498529e+06
2.458365177669826895e+06
2.458365198503155261e+06
2.458365219336483162e+06
2.458365240169811528e+06
2.458365261003139894e+06
2.458365281836467795e+06
2.458365302669796161e+06
2.458365323503124528e+06
2.458365344336452428e+06
2.458365365169780795e+06
2.458365386003109161e+06
2.458365406836437527e+06
2.458365427669765428e+06
2.458365448503093794e+06
2.458365469336422160e+06
2.458365490169750061e+06
2.458365511003078427e+06
2.458365531836406793e+06
2.458365552669734694e+06
2.458365573503063060e+06
2.458365594336391427e+06
2.458365615169719793e+06
2.458365636003047694e+06
2.458365656836376060e+06
2.458365677669704426e+06
2.458365698503032327e+06
2.458365719336360693e+06
2.458365740169689059e+06
2.458365761003016960e+06
2.458365781836345326e+06
2.458365802669673692e+06
2.458365823503002059e+06
2.458365844336329959e+06
2.458365865169658326e+06
2.458365886002986692e+06
2.458365906836314593e+06
2.458365927669642959e+06
2.458365948502971325e+06
2.458365969336299226e+06
2.458365990169627592e+06
2.458366011002955958e+06
2.458366031836283859e+06
2.458366052669612225e+06
2.458366073502940591e+06
2.458366094336268958e+06
2.458366115169596858e+06
2.458366136002925225e+06
2.458366156836253591e+06
2.458366177669581492e+06
2.458366198502909858e+06
2.458366219336238224e+06
2.458366240169566125e+06
2.458366261002894491e+06
2.458366281836222857e+06
2.458366302669551224e+06
2.458366323502879124e+06
2.458366344336207490e+06
2.458366365169535857e+06
2.458366386002863757e+06
2.458366406836192124e+06
2.458366427669520490e+06
2.458366448502848390e+06
2.458366469336176757e+06
2.458366490169505123e+06
2.458366511002833489e+06
2.458366531836161390e+06
2.458366552669489756e+06
2.458366573502818123e+06
2.458366594336146023e+06
2.458366615169474389e+06
2.458366636002802756e+06
2.458366656836130656e+06
2.458366677669459023e+06
2.458366698502787389e+06
2.458366719336115755e+06
2.458366740169443656e+06
2.458366761002772022e+06
2.458366781836100388e+06
2.458366802669428289e+06
2.458366823502756655e+06
2.458366844336085021e+06
2.458366865169412922e+06
2.458366886002741288e+06
2.458366906836069655e+06
2.458366927669398021e+06
2.458366948502725922e+06
2.458366969336054288e+06
2.458366990169382654e+06
2.458367011002710555e+06
2.458367031836038921e+06
2.458367052669367287e+06
2.458367073502695188e+06
2.458367094336023554e+06
2.458367115169351920e+06
2.458367136002679821e+06
2.458368615168984048e+06
2.458368636002312414e+06
2.458368656835640315e+06
2.458368677668968681e+06
2.458368698502297048e+06
2.458368719335625414e+06
2.458368740168953314e+06
2.458368761002281681e+06
2.458368781835610047e+06
2.458368802668937948e+06
2.458368823502266314e+06
2.458368844335594680e+06
2.458368865168922581e+06
2.458368886002250947e+06
2.458368906835579313e+06
2.458368927668907680e+06
2.458368948502235580e+06
2.458368969335563947e+06
2.458368990168892313e+06
2.458369011002220213e+06
2.458369031835548580e+06
2.458369052668876946e+06
2.458369073502204847e+06
2.458369094335533213e+06
2.458369115168861579e+06
2.458369136002189945e+06
2.458369156835517846e+06
2.458369177668846212e+06
2.458369198502174579e+06
2.458369219335502479e+06
2.458369240168830846e+06
2.458369261002159212e+06
2.458369281835487112e+06
2.458369302668815479e+06
2.458369323502143845e+06
2.458369344335472211e+06
2.458369365168800112e+06
2.458369386002128478e+06
2.458369406835456844e+06
2.458369427668784745e+06
2.458369448502113111e+06
2.458369469335441478e+06
2.458369490168769378e+06
2.458369511002097744e+06
2.458369531835426111e+06
2.458369552668754477e+06
2.458369573502082378e+06
2.458369594335410744e+06
2.458369615168739110e+06
2.458369636002067011e+06
2.458369656835395377e+06
2.458369677668723743e+06
2.458369698502051644e+06
2.458369719335380010e+06
2.458369740168708377e+06
2.458369761002036743e+06
2.458369781835364643e+06
2.458369802668693010e+06
2.458369823502021376e+06
2.458369844335349277e+06
2.458369865168677643e+06
2.458369886002006009e+06
2.458369906835333910e+06
2.458369927668662276e+06
2.458369948501990642e+06
2.458369969335319009e+06
2.458369990168646909e+06
2.458370011001975276e+06
2.458370031835303642e+06
2.458370052668631542e+06
2.458370073501959909e+06
2.458370094335288275e+06
2.458370115168616176e+06
2.458370136001944542e+06
2.458370156835272908e+06
2.458370177668600809e+06
2.458370198501929175e+06
2.458370219335257541e+06
2.458370240168585908e+06
2.458370261001913808e+06
2.458370281835242175e+06
2.458370302668570541e+06
2.458370323501898441e+06
2.458370344335226808e+06
2.458370365168555174e+06
2.458370386001883075e+06
2.458370406835211441e+06
2.458370427668539807e+06
2.458370448501868173e+06
2.458370469335196074e+06
2.458370490168524440e+06
2.458370511001852807e+06
2.458370531835180707e+06
2.458370552668509074e+06
2.458370573501837440e+06
2.458370594335165340e+06
2.458370615168493707e+06
2.458370636001822073e+06
2.458370656835150439e+06
2.458370677668478340e+06
2.458370698501806706e+06
2.458370719335135072e+06
2.458370740168462973e+06
2.458370761001791339e+06
2.458370781835119706e+06
2.458370802668447606e+06
2.458370823501775973e+06
2.458370844335104339e+06
2.458370865168432705e+06
2.458370886001760606e+06
2.458370906835088972e+06
2.458370927668417338e+06
2.458370948501745239e+06
2.458370969335073605e+06
2.458370990168401971e+06
2.458371011001729872e+06
2.458371031835058238e+06
2.458371052668386605e+06
2.458371073501714971e+06
2.458371094335042872e+06
2.458371115168371238e+06
2.458371136001699604e+06
2.458371156835027505e+06
2.458371177668355871e+06
2.458371198501684237e+06
2.458371219335012138e+06
2.458371240168340504e+06
2.458371261001668870e+06
2.458371281834997237e+06
2.458371302668325137e+06
2.458371323501653504e+06
2.458371344334981870e+06
2.458371365168309771e+06
2.458371386001638137e+06
2.458371406834966503e+06
2.458371427668294404e+06
2.458371448501622770e+06
2.458371469334951136e+06
2.458371490168279503e+06
2.458371511001607403e+06
2.458371531834935769e+06
2.458371552668264136e+06
2.458371573501592036e+06
2.458371594334920403e+06
2.458371615168248769e+06
2.458371636001576670e+06
2.458371656834905036e+06
2.458371677668233402e+06
2.458371698501561768e+06
2.458371719334889669e+06
2.458371740168218035e+06
2.458371761001546402e+06
2.458371781834874302e+06
2.458371802668202668e+06
2.458371823501531035e+06
2.458371844334858935e+06
2.458371865168187302e+06
2.458371886001515668e+06
2.458371906834844034e+06
2.458371927668171935e+06
2.458371948501500301e+06
2.458371969334828667e+06
2.458371990168156568e+06
2.458372011001484934e+06
2.458372031834813301e+06
2.458372052668141201e+06
2.458372073501469567e+06
2.458372094334797934e+06
2.458372115168126300e+06
2.458372136001454201e+06
2.458372156834782567e+06
2.458372177668110933e+06
2.458372198501438834e+06
2.458372219334767200e+06
2.458372240168095566e+06
2.458372261001423467e+06
2.458372281834751833e+06
2.458372302668080200e+06
2.458372323501408566e+06
2.458372344334736466e+06
2.458372365168064833e+06
2.458372386001393199e+06
2.458372406834721100e+06
2.458372427668049466e+06
2.458372448501377832e+06
2.458372469334705733e+06
2.458372490168034099e+06
2.458372511001362465e+06
2.458372531834690832e+06
2.458372552668018732e+06
2.458372573501347098e+06
2.458372594334675465e+06
2.458372615168003365e+06
2.458372636001331732e+06
2.458372656834660098e+06
2.458372677667987999e+06
2.458372698501316365e+06
2.458372719334644731e+06
2.458372740167973097e+06
2.458372761001300998e+06
2.458372781834629364e+06
2.458372802667957731e+06
2.458372823501285631e+06
2.458372844334613997e+06
2.458372865167942364e+06
2.458372886001270264e+06
2.458372906834598631e+06
2.458372927667926997e+06
2.458372948501255363e+06
2.458372969334583264e+06
2.458372990167911630e+06
2.458373011001239996e+06
2.458373031834567897e+06
2.458373052667896263e+06
2.458373073501224630e+06
2.458373094334552530e+06
2.458373115167880896e+06
2.458373136001209263e+06
2.458373156834537629e+06
2.458373177667865530e+06
2.458373198501193896e+06
2.458373219334522262e+06
2.458373240167850163e+06
2.458373261001178529e+06
2.458373281834506895e+06
2.458373302667834796e+06
2.458373323501163162e+06
2.458373344334491529e+06
2.458373365167819895e+06
2.458373386001147795e+06
2.458373406834476162e+06
2.458373427667804528e+06
2.458373448501132429e+06
2.458373469334460795e+06
2.458373490167789161e+06
2.458373511001117062e+06
2.458373531834445428e+06
2.458373552667773794e+06
2.458373573501101695e+06
2.458373594334430061e+06
2.458373615167758428e+06
2.458373636001086794e+06
2.458373656834414694e+06
2.458373677667743061e+06
2.458373698501071427e+06
2.458373719334399328e+06
2.458373740167727694e+06
2.458373761001056060e+06
2.458373781834384426e+06
2.458373802667712327e+06
2.458373823501040693e+06
2.458373844334369060e+06
2.458373865167696960e+06
2.458373886001025327e+06
2.458373906834353693e+06
2.458373927667681593e+06
2.458373948501009960e+06
2.458373969334338326e+06
2.458373990167666227e+06
2.458374011000994593e+06
2.458374031834322959e+06
2.458374052667651325e+06
2.458374073500979226e+06
2.458374094334307592e+06
2.458374115167635959e+06
2.458374136000963859e+06
2.458374156834292226e+06
2.458374177667620592e+06
2.458374198500948492e+06
2.458374219334276859e+06
2.458374240167605225e+06
2.458374261000933591e+06
2.458374281834261492e+06
2.458374302667589858e+06
2.458374323500918224e+06
2.458374344334246125e+06
2.458374365167574491e+06
2.458374386000902858e+06
2.458374406834230758e+06
2.458374427667559125e+06
2.458374448500887491e+06
2.458374469334215857e+06
2.458374490167543758e+06
2.458374511000872124e+06
2.458374531834200490e+06
2.458374552667528391e+06
2.458374573500856757e+06
2.458374594334185123e+06
2.458374615167513024e+06
2.458374636000841390e+06
2.458374656834169757e+06
2.458374677667498123e+06
2.458374698500826024e+06
2.458374719334154390e+06
2.458374740167482756e+06
2.458374761000810657e+06
2.458374781834139023e+06
2.458374802667467389e+06
2.458374823500795290e+06
2.458374844334123656e+06
2.458374865167452022e+06
2.458374886000780389e+06
2.458374906834108289e+06
2.458374927667436656e+06
2.458374948500765022e+06
2.458374969334092923e+06
2.458374990167421289e+06
2.458375011000749655e+06
2.458375031834077556e+06
2.458375052667405922e+06
2.458375073500734288e+06
2.458375094334062655e+06
2.458375115167390555e+06
2.458375136000718921e+06
2.458375156834047288e+06
2.458375177667375188e+06
2.458375198500703555e+06
2.458375219334031921e+06
2.458375240167359821e+06
2.458375261000688188e+06
2.458375281834016554e+06
2.458375302667344920e+06
2.458375323500672821e+06
2.458375344334001187e+06
2.458375365167329554e+06
2.458375386000657454e+06
2.458375406833985820e+06
2.458375427667314187e+06
2.458375448500642553e+06
2.458375469333970454e+06
2.458375490167298820e+06
2.458375511000627186e+06
2.458375531833955087e+06
2.458375552667283453e+06
2.458375573500611819e+06
2.458375594333939720e+06
2.458375615167268086e+06
2.458375636000596453e+06
2.458375656833924819e+06
2.458375677667252719e+06
2.458375698500581086e+06
2.458375719333909452e+06
2.458375740167237353e+06
2.458375761000565719e+06
2.458375781833894085e+06
2.458375802667221986e+06
2.458375823500550352e+06
2.458375844333878718e+06
2.458375865167207085e+06
2.458375886000534985e+06
2.458375906833863351e+06
2.458375927667191718e+06
2.458375948500519618e+06
2.458375969333847985e+06
2.458375990167176351e+06
2.458376011000504252e+06
2.458376031833832618e+06
2.458376052667160984e+06
2.458376073500489350e+06
2.458376094333817251e+06
2.458376115167145617e+06
2.458376136000473984e+06
2.458376156833801884e+06
2.458376177667130250e+06
2.458376198500458617e+06
2.458376219333786517e+06
2.458376240167114884e+06
2.458376261000443250e+06
2.458376281833771616e+06
2.458376302667099517e+06
2.458376323500427883e+06
2.458376344333756249e+06
2.458376365167084150e+06
2.458376386000412516e+06
2.458376406833740883e+06
2.458376427667068783e+06
2.458376448500397149e+06
2.458376469333725516e+06
2.458376490167053882e+06
2.458376511000381783e+06
2.458376531833710149e+06
2.458376552667038515e+06
2.458376573500366416e+06
2.458376594333694782e+06
2.458376615167023148e+06
2.458376636000351049e+06
2.458376656833679415e+06
2.458376677667007782e+06
2.458376698500336148e+06
2.458376719333664048e+06
2.458376740166992415e+06
2.458376761000320781e+06
2.458376781833648682e+06
2.458376802666977048e+06
2.458376823500305414e+06
2.458376844333633315e+06
2.458376865166961681e+06
2.458376886000290047e+06
2.458376906833618414e+06
2.458376927666946314e+06
2.458376948500274681e+06
2.458376969333603047e+06
2.458376990166930947e+06
2.458377011000259314e+06
2.458377031833587680e+06
2.458377052666915581e+06
2.458377073500243947e+06
2.458377094333572313e+06
2.458377115166900679e+06
2.458377136000228580e+06
2.458377156833556946e+06
2.458377177666885313e+06
2.458377198500213213e+06
2.458377219333541580e+06
2.458377240166869946e+06
2.458377261000197846e+06
2.458377281833526213e+06
2.458377302666854579e+06
2.458377323500182945e+06
2.458377344333510846e+06
2.458377365166839212e+06
2.458377386000167578e+06
2.458377406833495479e+06
2.458377427666823845e+06
2.458377448500152212e+06
2.458377469333480112e+06
2.458377490166808479e+06
2.458377511000136845e+06
2.458377531833465211e+06
2.458377552666793112e+06
2.458377573500121478e+06
2.458377594333449844e+06
2.458377615166777745e+06
2.458377636000106111e+06
2.458377656833434477e+06
2.458377677666762378e+06
2.458377698500090744e+06
2.458377719333419111e+06
2.458377740166747477e+06
2.458377761000075378e+06
2.458377781833403744e+06
2.458377802666732110e+06
2.458377823500060011e+06
2.458377844333388377e+06
2.458377865166716743e+06
2.458377886000044644e+06
2.458377906833373010e+06
2.458377927666701376e+06
2.458377948500029743e+06
2.458377969333357643e+06
2.458377990166686010e+06
2.458378011000014376e+06
2.458378031833342277e+06
2.458378052666670643e+06
2.458378073499999009e+06
2.458378094333326910e+06
2.458378115166655276e+06
2.458378135999983642e+06
2.458378156833312009e+06
2.458378177666639909e+06
2.458378198499968275e+06
2.458378219333296642e+06
2.458378240166624542e+06
2.458378260999952909e+06
2.458378281833281275e+06
2.458378302666609176e+06
2.458378323499937542e+06
2.458378344333265908e+06
2.458378365166594274e+06
2.458378385999922175e+06
2.458378406833250541e+06
2.458378427666578908e+06
2.458378448499906808e+06
2.458378469333235174e+06
2.458378490166563541e+06
2.458378510999891441e+06
2.458378531833219808e+06
2.458378552666548174e+06
2.458378573499876540e+06
2.458378594333204441e+06
2.458378615166532807e+06
2.458378635999861173e+06
2.458378656833189074e+06
2.458378677666517440e+06
2.458378698499845807e+06
2.458378719333173707e+06
2.458378740166502073e+06
2.458378760999830440e+06
2.458378781833158806e+06
2.458378802666486707e+06
2.458378823499815073e+06
2.458378844333143439e+06
2.458378865166471340e+06
2.458378885999799706e+06
2.458378906833128072e+06
2.458378927666456439e+06
2.458378948499784339e+06
2.458378969333112705e+06
2.458378990166441072e+06
2.458379010999768972e+06
2.458379031833097339e+06
2.458379052666425705e+06
2.458379073499753606e+06
2.458379094333081972e+06
2.458379115166410338e+06
2.458379135999738704e+06
2.458379156833066605e+06
2.458379177666394971e+06
2.458379198499723338e+06
2.458379219333051238e+06
2.458379240166379604e+06
2.458379260999707971e+06
2.458379281833035871e+06
2.458379302666364238e+06
2.458379323499692604e+06
2.458379344333020970e+06
2.458379365166348871e+06
2.458379385999677237e+06
2.458379406833005603e+06
2.458379427666333504e+06
2.458379448499661870e+06
2.458379469332990237e+06
2.458379490166318137e+06
2.458379510999646503e+06
2.458379531832974870e+06
2.458379552666303236e+06
2.458379573499631137e+06
2.458379594332959503e+06
2.458379615166287869e+06
2.458379635999615770e+06
2.458379656832944136e+06
2.458379677666272502e+06
2.458379698499600403e+06
2.458379719332928769e+06
2.458379740166257136e+06
2.458379760999585502e+06
2.458379781832913402e+06
2.458379802666241769e+06
2.458379823499570135e+06
2.458379844332898036e+06
2.458379865166226402e+06
2.458379885999554768e+06
2.458379906832882669e+06
2.458379927666211035e+06
2.458379948499539401e+06
2.458379969332867768e+06
2.458379990166195668e+06
2.458380010999524035e+06
2.458380031832852401e+06
2.458380052666180301e+06
2.458380073499508668e+06
2.458380094332837034e+06
2.458380115166164935e+06
2.458380135999493301e+06
2.458380156832821667e+06
2.458380177666150033e+06
2.458380198499477934e+06
2.458380219332806300e+06
2.458380240166134667e+06
2.458380260999462567e+06
2.458380281832790934e+06
2.458380302666119300e+06
2.458380323499447200e+06
2.458380344332775567e+06
2.458380365166103933e+06
2.458380385999432299e+06
2.458380406832760200e+06
2.458380427666088566e+06
2.458380448499416932e+06
2.458380469332744833e+06
2.458380490166073199e+06
2.458380510999401566e+06
2.458380531832729932e+06
2.458380552666057833e+06
2.458380573499386199e+06
2.458380594332714565e+06
2.458380615166042466e+06
2.458380635999370832e+06
2.458380656832699198e+06
2.458380677666027099e+06
2.458380698499355465e+06
2.458380719332683831e+06
2.458380740166012198e+06
2.458380760999340098e+06
2.458380781832668465e+06
2.458380802665996831e+06
2.458380823499324732e+06
2.458380844332653098e+06
2.458380865165981464e+06
2.458380885999309365e+06
2.458380906832637731e+06
2.458380927665966097e+06
2.458380948499294464e+06
2.458380969332622364e+06
2.458380990165950730e+06
2.458381010999279097e+06
2.458381031832606997e+06
2.458381052665935364e+06
2.458381073499263730e+06
2.458381094332591631e+06
2.458381115165919997e+06
2.458381135999248363e+06
2.458381156832576729e+06
2.458381177665904630e+06
2.458381198499232996e+06
2.458381219332561363e+06
2.458381240165889263e+06
2.458381260999217629e+06
2.458381281832545996e+06
2.458381302665873896e+06
2.458381323499202263e+06
2.458381344332530629e+06
2.458381365165858995e+06
2.458381385999186896e+06
2.458381406832515262e+06
2.458381427665843628e+06
2.458381448499171529e+06
2.458381469332499895e+06
2.458381490165828262e+06
